time battery charging  action  actual_reward exp_reward 
0 70 1 stay_charging 32.0 22.2773109244 
1 85 1 gather_reward 46.0 23.487394958 
2 74 0 gather_reward 29.0 30.3781512605 
3 63 0 gather_reward 57.0 111.966386555 
4 52 0 gather_reward 47.0 102.739495798 
5 41 0 go_charge 12.0 15.3109243697 
6 54 1 gather_reward 591.0 22.7142857143 
7 43 0 gather_reward 600.0 19.9075630252 
8 33 0 go_charge 33.0 13.0672268908 
9 46 1 stay_charging 22.0 12.9243697479 
10 60 1 stay_charging 96.0 12.3277310924 
11 74 1 stay_charging 102.0 12.6386554622 
12 89 1 gather_reward 107.0 39.3025210084 
13 78 0 gather_reward 242.0 57.0 
14 67 0 go_charge 276.0 45.4033613445 
15 81 1 stay_charging 226.0 54.8655462185 
16 96 1 gather_reward 136.0 77.8655462185 
17 85 0 gather_reward 210.0 71.8739495798 
18 74 0 go_charge 181.0 56.8655462185 
19 88 1 gather_reward 73.0 58.2352941176 
20 77 0 go_charge 116.0 55.781512605 
21 91 1 gather_reward 125.0 147.521008403 
22 80 0 gather_reward 174.0 212.319327731 
23 69 0 gather_reward 163.0 134.478991597 
24 58 0 go_charge 73.0 73.3697478992 
25 71 1 stay_charging 118.0 70.5882352941 
26 86 1 stay_charging 236.0 69.1596638655 
27 100 1 gather_reward 706.0 165.638655462 
28 87 0 gather_reward 735.0 275.907563025 
29 76 0 gather_reward 259.0 293.25210084 
30 65 0 gather_reward 1014.0 312.605042017 
31 54 0 gather_reward 1379.0 309.092436975 
32 43 0 gather_reward 481.0 161.840336134 
33 33 0 go_charge 29.0 26.7058823529 
34 46 1 stay_charging 25.0 25.8571428571 
35 60 1 stay_charging 12.0 28.6386554622 
36 74 1 stay_charging 27.0 29.3529411765 
37 89 1 stay_charging 159.0 59.0756302521 
38 100 1 gather_reward 207.0 100.983193277 
39 87 0 gather_reward 363.0 243.168067227 
40 76 0 gather_reward 391.0 390.848739496 
41 65 0 gather_reward 101.0 244.613445378 
42 54 0 gather_reward 103.0 99.1764705882 
43 43 0 gather_reward 113.0 70.4621848739 
44 33 0 go_charge 29.0 28.8907563025 
45 46 1 gather_reward 42.0 29.2352941176 
46 35 0 go_charge 39.0 27.8655462185 
47 48 1 gather_reward 24.0 29.7058823529 
