time battery charging  action  actual_reward exp_reward 
0 70 1 gather_reward 0.0 22.5462184874 
1 59 0 go_charge 0.0 23.8739495798 
2 73 1 gather_reward 0.0 30.6218487395 
3 62 0 gather_reward 0.0 112.445378151 
4 51 0 gather_reward 0.0 103.134453782 
5 40 0 go_charge 0.0 15.4117647059 
6 53 1 gather_reward 0.0 27.6806722689 
7 42 0 gather_reward 0.0 24.9495798319 
8 32 0 go_charge 0.0 13.3445378151 
9 45 1 stay_charging 0.0 13.1092436975 
10 59 1 stay_charging 0.0 13.1344537815 
11 74 1 stay_charging 0.0 13.4957983193 
12 89 1 gather_reward 0.0 40.2016806723 
13 78 0 gather_reward 0.0 59.0336134454 
14 67 0 go_charge 0.0 47.7226890756 
15 81 1 stay_charging 0.0 56.7647058824 
16 96 1 gather_reward 0.0 79.0084033613 
17 85 0 gather_reward 0.0 73.6386554622 
18 74 0 go_charge 0.0 58.3865546218 
19 88 1 gather_reward 0.0 58.8487394958 
20 77 0 go_charge 0.0 56.756302521 
21 91 1 gather_reward 0.0 148.571428571 
22 80 0 gather_reward 0.0 213.781512605 
23 69 0 gather_reward 0.0 135.848739496 
24 58 0 go_charge 0.0 73.9831932773 
25 71 1 stay_charging 0.0 71.5798319328 
26 86 1 stay_charging 110.0 70.218487395 
27 100 1 gather_reward 205.0 169.848739496 
28 87 0 gather_reward 353.0 279.117647059 
29 76 0 gather_reward 667.0 289.823529412 
30 65 0 gather_reward 452.0 317.327731092 
31 54 0 gather_reward 478.0 316.663865546 
32 43 0 gather_reward 439.0 162.193277311 
33 33 0 go_charge 28.0 26.7142857143 
34 46 1 stay_charging 46.0 25.6806722689 
35 60 1 stay_charging 50.0 28.3193277311 
36 74 1 stay_charging 40.0 29.243697479 
37 89 1 stay_charging 31.0 60.1512605042 
38 100 1 gather_reward 526.0 98.3025210084 
39 87 0 gather_reward 744.0 239.966386555 
40 76 0 gather_reward 1144.0 384.521008403 
41 65 0 gather_reward 1018.0 236.907563025 
42 54 0 gather_reward 235.0 98.0672268908 
43 43 0 gather_reward 138.0 70.2521008403 
44 33 0 go_charge 12.0 29.0336134454 
45 46 1 gather_reward 6.0 29.5378151261 
46 35 0 go_charge 14.0 28.0756302521 
47 48 1 gather_reward 27.0 29.6806722689 
