time battery charging  action  actual_reward exp_reward 
0 70 1 stay_charging 22.0 22.3613445378 
1 85 1 gather_reward 29.0 23.6302521008 
2 74 0 gather_reward 24.0 30.4201680672 
3 63 0 gather_reward 16.0 112.31092437 
4 52 0 gather_reward 33.0 102.857142857 
5 41 0 go_charge 43.0 15.0504201681 
6 54 1 gather_reward 35.0 27.3865546218 
7 43 0 gather_reward 34.0 24.6638655462 
8 33 0 go_charge 44.0 12.974789916 
9 46 1 stay_charging 41.0 12.7647058824 
10 60 1 stay_charging 16.0 13.0 
11 74 1 stay_charging 3.0 13.4705882353 
12 89 1 gather_reward 3.0 40.1764705882 
13 78 0 gather_reward 11.0 58.9411764706 
14 67 0 go_charge 34.0 47.4369747899 
15 81 1 stay_charging 38.0 56.4453781513 
16 96 1 gather_reward 34.0 78.7226890756 
17 85 0 gather_reward 27.0 73.4117647059 
18 74 0 go_charge 25.0 58.1764705882 
19 88 1 gather_reward 27.0 58.6218487395 
20 77 0 go_charge 34.0 56.4705882353 
21 91 1 gather_reward 28.0 148.336134454 
22 80 0 gather_reward 14.0 213.663865546 
23 69 0 gather_reward 29.0 135.605042017 
24 58 0 go_charge 39.0 73.6554621849 
25 71 1 stay_charging 32.0 71.3109243697 
26 86 1 stay_charging 35.0 70.8487394958 
27 100 1 gather_reward 36.0 171.268907563 
28 87 0 gather_reward 32.0 281.81512605 
29 76 0 gather_reward 39.0 295.100840336 
30 65 0 gather_reward 34.0 320.840336134 
31 54 0 gather_reward 24.0 320.478991597 
32 43 0 gather_reward 26.0 165.663865546 
33 33 0 go_charge 41.0 26.6050420168 
34 46 1 stay_charging 27.0 25.8403361345 
35 60 1 stay_charging 2.0 28.7226890756 
36 74 1 stay_charging 11.0 29.487394958 
37 89 1 stay_charging 27.0 60.1848739496 
38 100 1 gather_reward 33.0 102.445378151 
39 87 0 gather_reward 18.0 246.067226891 
40 76 0 gather_reward 44.0 393.764705882 
41 65 0 gather_reward 48.0 245.058823529 
42 54 0 gather_reward 24.0 99.8403361345 
43 43 0 gather_reward 19.0 71.2521008403 
44 33 0 go_charge 33.0 28.8571428571 
45 46 1 gather_reward 52.0 29.1512605042 
46 35 0 go_charge 37.0 27.8823529412 
47 48 1 gather_reward 53.0 29.4621848739 
