34.4705882353 
32.2605042017 
37.1428571429 
123.941176471 
115.798319328 
21.731092437 
36.6638655462 
31.6974789916 
17.512605042 
18.3949579832 
17.3781512605 
16.7478991597 
43.0336134454 
62.9831932773 
50.8739495798 
60.1344537815 
80.4369747899 
75.5210084034 
60.4957983193 
61.4033613445 
58.0756302521 
149.680672269 
215.487394958 
138.369747899 
76.5798319328 
75.1848739496 
74.7142857143 
179.714285714 
289.521008403 
296.411764706 
323.882352941 
322.117647059 
168.932773109 
34.3613445378 
32.6806722689 
35.0084033613 
35.9915966387 
67.7058823529 
107.18487395 
250.411764706 
395.25210084 
249.378151261 
113.529411765 
83.6218487395 
39.9243697479 
43.6974789916 
38.512605042 
37.7142857143 
34.4705882353 
32.2605042017 
37.1428571429 
123.941176471 
115.798319328 
21.731092437 
36.6638655462 
31.6974789916 
17.512605042 
18.3949579832 
17.3781512605 
16.7478991597 
43.0336134454 
62.9831932773 
50.8739495798 
60.1344537815 
80.4369747899 
75.5210084034 
60.4957983193 
61.4033613445 
58.0756302521 
149.680672269 
215.487394958 
138.369747899 
76.5798319328 
75.1848739496 
74.7142857143 
179.714285714 
289.521008403 
296.411764706 
323.882352941 
322.117647059 
168.932773109 
34.3613445378 
32.6806722689 
35.0084033613 
35.9915966387 
67.7058823529 
107.18487395 
250.411764706 
395.25210084 
249.378151261 
113.529411765 
83.6218487395 
39.9243697479 
43.6974789916 
38.512605042 
37.7142857143 
34.4705882353 
32.2605042017 
37.1428571429 
123.941176471 
115.798319328 
21.731092437 
36.6638655462 
31.6974789916 
17.512605042 
18.3949579832 
17.3781512605 
16.7478991597 
43.0336134454 
62.9831932773 
50.8739495798 
60.1344537815 
80.4369747899 
75.5210084034 
60.4957983193 
61.4033613445 
58.0756302521 
149.680672269 
215.487394958 
138.369747899 
76.5798319328 
75.1848739496 
74.7142857143 
179.714285714 
289.521008403 
296.411764706 
323.882352941 
322.117647059 
168.932773109 
34.3613445378 
32.6806722689 
35.0084033613 
35.9915966387 
67.7058823529 
107.18487395 
250.411764706 
395.25210084 
249.378151261 
113.529411765 
83.6218487395 
39.9243697479 
43.6974789916 
38.512605042 
37.7142857143 
