time battery charging  action  match_reward actual_reward exp_reward clusters probs
0 70 1 gather_reward 25.1285714286 24.0 33.6147540984 120.083333333 25.1285714286 69.3076923077 0 0.0983606557377 0.573770491803 0.106557377049 0.22131147541 
1 60 0 go_charge 23.8630136986 20.0 31.3032786885 23.8630136986 77.375 839.0 0 0.598360655738 0.131147540984 0.00819672131148 0.262295081967 
2 71 1 gather_reward 29.8255813953 29.0 35.9918032787 29.8255813953 843.0 983.0 0 0.704918032787 0.00819672131148 0.00819672131148 0.27868852459 
3 60 0 gather_reward 29.359375 111.0 119.983606557 29.359375 423.285714286 913.833333333 1350.0 0 0.524590163934 0.114754098361 0.0491803278689 0.00819672131148 0.303278688525 
4 50 0 gather_reward 41.5 105.0 112.090163934 41.5 913.333333333 496.0 0 0.540983606557 0.0491803278689 0.0901639344262 0.319672131148 
5 40 0 go_charge 21.0579710145 19.0 21.0409836066 21.0579710145 108.0 69.5 203.0 0 0.565573770492 0.016393442623 0.0819672131148 0.00819672131148 0.327868852459 
6 51 1 stay_charging 26.4492753623 19.0 35.606557377 26.4492753623 134.5 207.0 885.0 620.0 0 0.565573770492 0.0491803278689 0.00819672131148 0.00819672131148 0.00819672131148 0.360655737705 
7 64 1 gather_reward 29.6216216216 20.0 30.7540983607 29.6216216216 900.0 660.0 0 0.606557377049 0.00819672131148 0.00819672131148 0.377049180328 
8 54 0 go_charge 20.7826086957 19.0 16.9262295082 20.7826086957 61.0 96.5 194.0 0 0.565573770492 0.0327868852459 0.016393442623 0.00819672131148 0.377049180328 
9 65 1 gather_reward 20.6571428571 23.0 17.7540983607 20.6571428571 116.25 72.0 183.0 0 0.573770491803 0.0327868852459 0.00819672131148 0.00819672131148 0.377049180328 
10 51 0 go_charge 15.6603773585 20.0 16.7868852459 147.0 15.6603773585 61.3333333333 38.9473684211 0 0.016393442623 0.434426229508 0.0245901639344 0.155737704918 0.368852459016 
11 63 1 stay_charging 20.4776119403 11.0 16.2459016393 100.0 123.0 64.5 20.4776119403 0 0.00819672131148 0.00819672131148 0.0491803278689 0.549180327869 0.385245901639 
12 80 1 gather_reward 22.0188679245 44.0 41.6147540984 22.0188679245 140.0 970.0 0 0.434426229508 0.172131147541 0.00819672131148 0.385245901639 
13 69 0 go_charge 25.0638297872 101.0 60.606557377 25.0638297872 204.84 1095.0 0 0.385245901639 0.204918032787 0.00819672131148 0.401639344262 
14 80 1 gather_reward 118.6 141.0 48.4672131148 19.9333333333 118.6 215.8 0 0.368852459016 0.122950819672 0.122950819672 0.385245901639 
15 69 0 gather_reward 140.2 83.0 57.9754098361 20.5217391304 140.2 263.25 414.0 805.0 0 0.377049180328 0.16393442623 0.0655737704918 0.00819672131148 0.00819672131148 0.377049180328 
16 59 0 gather_reward 76.0857142857 91.0 77.7131147541 76.0857142857 377.0 1132.0 757.0 0 0.573770491803 0.00819672131148 0.016393442623 0.016393442623 0.385245901639 
17 49 0 gather_reward 210.904761905 204.0 71.9918032787 27.32 210.904761905 494.0 761.0 1239.0 0 0.409836065574 0.172131147541 0.016393442623 0.00819672131148 0.00819672131148 0.385245901639 
18 36 0 go_charge 224.952380952 207.0 57.3114754098 224.952380952 31.462962963 569.0 0 0.172131147541 0.44262295082 0.00819672131148 0.377049180328 
19 49 1 gather_reward 218.266666667 129.0 58.8360655738 34.8070175439 218.266666667 343.0 497.0 1080.0 0 0.467213114754 0.122950819672 0.00819672131148 0.00819672131148 0.00819672131148 0.385245901639 
20 38 0 go_charge 21.9245283019 95.0 55.868852459 21.9245283019 303.0 169.791666667 973.0 0 0.434426229508 0.016393442623 0.196721311475 0.00819672131148 0.344262295082 
21 51 1 gather_reward 392.5 425.0 142.516393443 392.5 52.5820895522 1170.5 834.272727273 1561.0 0 0.016393442623 0.549180327869 0.016393442623 0.0901639344262 0.00819672131148 0.319672131148 
22 42 0 go_charge 51.0806451613 372.0 207.139344262 51.0806451613 971.19047619 1709.0 0 0.508196721311 0.172131147541 0.00819672131148 0.311475409836 
23 58 1 stay_charging 43.3432835821 110.0 134.06557377 1007.0 739.090909091 367.555555556 43.3432835821 0 0.016393442623 0.0901639344262 0.0737704918033 0.549180327869 0.270491803279 
24 70 1 gather_reward 217.857142857 213.0 72.9508196721 34.4090909091 217.857142857 388.0 1082.0 584.0 0 0.540983606557 0.172131147541 0.00819672131148 0.00819672131148 0.00819672131148 0.262295081967 
25 60 0 gather_reward 175.515151515 216.0 71.5655737705 22.5087719298 175.515151515 577.0 1079.0 0 0.467213114754 0.270491803279 0.00819672131148 0.00819672131148 0.245901639344 
26 49 0 go_charge 150.235294118 216.0 72.0491803279 610.5 21.9491525424 150.235294118 1166.0 0 0.016393442623 0.483606557377 0.27868852459 0.00819672131148 0.213114754098 
27 61 1 gather_reward 790.615384615 776.0 170.696721311 54.972972973 1289.5 487.5 790.615384615 0 0.606557377049 0.016393442623 0.0655737704918 0.106557377049 0.204918032787 
28 50 0 gather_reward 1784.0 1592.0 272.450819672 1280.22222222 1784.0 30.2 665.555555556 0 0.0737704918033 0.00819672131148 0.532786885246 0.22131147541 0.16393442623 
29 40 0 go_charge 1585.75 1469.0 282.704918033 67.8378378378 1585.75 925.08 0 0.606557377049 0.0327868852459 0.204918032787 0.155737704918 
30 51 1 gather_reward 937.125 790.0 313.270491803 60.8888888889 1620.57142857 937.125 0 0.590163934426 0.0573770491803 0.196721311475 0.155737704918 
31 42 0 go_charge 824.352941176 831.0 311.401639344 44.7971014493 1350.28571429 824.352941176 1982.0 0 0.565573770492 0.114754098361 0.139344262295 0.00819672131148 0.172131147541 
32 58 1 gather_reward 467.333333333 611.0 163.459016393 42.9350649351 467.333333333 1095.0 826.222222222 0 0.631147540984 0.122950819672 0.016393442623 0.0737704918033 0.155737704918 
33 48 0 go_charge 40.8695652174 38.0 33.6557377049 12.5714285714 40.8695652174 86.0 128.0 160.0 0 0.286885245902 0.565573770492 0.0409836065574 0.016393442623 0.00819672131148 0.0819672131148 
34 59 1 gather_reward 48.85 43.0 32.2049180328 100.333333333 19.8985507246 48.85 0 0.0491803278689 0.565573770492 0.327868852459 0.0573770491803 
35 49 0 go_charge 25.5980392157 38.0 34.3032786885 25.5980392157 118.5 79.75 699.0 0 0.83606557377 0.016393442623 0.0655737704918 0.00819672131148 0.0737704918033 
36 61 1 stay_charging 29.419047619 24.0 35.4180327869 29.419047619 96.5 152.0 694.0 0 0.860655737705 0.0327868852459 0.00819672131148 0.00819672131148 0.0901639344262 
37 74 1 gather_reward 129.96875 123.0 65.4836065574 27.4487179487 129.96875 988.0 701.0 0 0.639344262295 0.262295081967 0.00819672131148 0.00819672131148 0.0819672131148 
38 64 0 gather_reward 218.961538462 167.0 107.844262295 37.6144578313 360.5 218.961538462 520.5 674.0 1063.0 843.0 0 0.680327868852 0.016393442623 0.213114754098 0.016393442623 0.00819672131148 0.00819672131148 0.00819672131148 0.0491803278689 
39 54 0 gather_reward 802.947368421 762.0 244.450819672 38.9259259259 397.6 802.947368421 1239.66666667 0 0.66393442623 0.0819672131148 0.155737704918 0.0491803278689 0.0491803278689 
40 43 0 gather_reward 1788.0 1473.0 383.040983607 39.3333333333 1788.0 1021.14814815 0 0.639344262295 0.0737704918033 0.22131147541 0.0655737704918 
41 33 0 go_charge 530.15 779.0 245.286885246 1093.93333333 38.3289473684 530.15 0 0.122950819672 0.622950819672 0.16393442623 0.0901639344262 
42 49 1 stay_charging 28.3802816901 72.0 112.237704918 962.0 1200.0 470.25 28.3802816901 231.363636364 0 0.00819672131148 0.00819672131148 0.0327868852459 0.581967213115 0.270491803279 0.0983606557377 
43 67 1 stay_charging 29.0263157895 70.0 82.7213114754 850.0 1070.0 348.2 29.0263157895 145.689655172 0 0.00819672131148 0.00819672131148 0.0409836065574 0.622950819672 0.237704918033 0.0819672131148 
44 84 1 stay_charging 0.0 11.0 40.1229508197 113.428571429 30.3367346939 317.0 811.0 0 0.0573770491803 0.803278688525 0.00819672131148 0.00819672131148 0.122950819672 
45 99 1 gather_reward 0.0 8.0 43.237704918 32.3333333333 228.0 142.0 867.0 0 0.83606557377 0.0245901639344 0.0245901639344 0.00819672131148 0.106557377049 
46 89 0 gather_reward 0.0 8.0 38.393442623 21.5125 68.6818181818 136.5 187.0 719.0 0 0.655737704918 0.180327868852 0.0327868852459 0.00819672131148 0.00819672131148 0.114754098361 
47 78 0 gather_reward 23.9571428571 15.0 37.3442622951 23.9571428571 77.3214285714 714.0 0 0.573770491803 0.229508196721 0.00819672131148 0.188524590164 
