time battery charging  action  match_reward actual_reward exp_reward clusters probs
0 70 1 stay_charging 25.0588235294 43.0 33.7166666667 120.083333333 25.0588235294 69.3076923077 0 0.1 0.566666666667 0.108333333333 0.225 
1 88 1 gather_reward 25.8026315789 35.0 31.2666666667 25.8026315789 86.5454545455 839.0 0 0.633333333333 0.0916666666667 0.00833333333333 0.266666666667 
2 79 0 gather_reward 29.8333333333 23.0 36.1 29.8333333333 843.0 983.0 0 0.7 0.00833333333333 0.00833333333333 0.283333333333 
3 69 0 gather_reward 418.307692308 488.0 117.05 28.1746031746 418.307692308 913.833333333 1350.0 0 0.525 0.108333333333 0.05 0.00833333333333 0.308333333333 
4 57 0 gather_reward 496.5 491.0 109.058333333 40.6461538462 913.333333333 496.5 0 0.541666666667 0.05 0.0833333333333 0.325 
5 47 0 go_charge 21.0746268657 17.0 21.05 21.0746268657 108.0 69.5 203.0 0 0.558333333333 0.0166666666667 0.0833333333333 0.00833333333333 0.333333333333 
6 59 1 gather_reward 26.5671641791 17.0 35.825 26.5671641791 144.857142857 885.0 620.0 0 0.558333333333 0.0583333333333 0.00833333333333 0.00833333333333 0.366666666667 
7 49 0 gather_reward 29.8333333333 24.0 30.9 29.8333333333 900.0 660.0 0 0.6 0.00833333333333 0.00833333333333 0.383333333333 
8 38 0 go_charge 20.7462686567 18.0 16.8416666667 20.7462686567 61.0 96.5 194.0 0 0.558333333333 0.0333333333333 0.0166666666667 0.00833333333333 0.383333333333 
9 50 1 stay_charging 0.0 6.0 17.825 20.8676470588 116.25 72.0 183.0 0 0.566666666667 0.0333333333333 0.00833333333333 0.00833333333333 0.383333333333 
10 67 1 stay_charging 13.7111111111 24.0 16.6833333333 147.0 61.3333333333 13.7111111111 36.28 0 0.0166666666667 0.025 0.375 0.208333333333 0.375 
11 84 1 gather_reward 18.873015873 34.0 15.8583333333 100.0 123.0 61.375 18.873015873 0 0.00833333333333 0.00833333333333 0.0666666666667 0.525 0.391666666667 
12 74 0 gather_reward 131.047619048 196.0 39.5333333333 20.0392156863 131.047619048 970.0 0 0.425 0.175 0.00833333333333 0.391666666667 
13 64 0 gather_reward 204.869565217 192.0 58.2083333333 25.0638297872 204.869565217 1095.0 0 0.391666666667 0.191666666667 0.00833333333333 0.408333333333 
14 54 0 gather_reward 129.444444444 133.0 46.4666666667 19.9333333333 234.9 129.444444444 0 0.375 0.0833333333333 0.15 0.391666666667 
15 44 0 go_charge 261.666666667 247.0 54.475 20.5217391304 140.2 261.666666667 414.0 805.0 0 0.383333333333 0.166666666667 0.05 0.00833333333333 0.00833333333333 0.383333333333 
16 61 1 gather_reward 190.05 278.0 70.8083333333 25.4489795918 190.05 377.0 1132.0 808.0 0 0.408333333333 0.166666666667 0.00833333333333 0.0166666666667 0.00833333333333 0.391666666667 
17 51 0 gather_reward 206.45 300.0 66.4 27.32 206.45 761.0 473.0 1239.0 0 0.416666666667 0.166666666667 0.00833333333333 0.00833333333333 0.00833333333333 0.391666666667 
18 39 0 go_charge 204.0 221.0 56.1583333333 22.2916666667 204.0 569.0 0 0.4 0.208333333333 0.00833333333333 0.383333333333 
19 52 1 gather_reward 218.266666667 130.0 58.1083333333 32.3454545455 218.266666667 343.0 497.0 1080.0 0 0.458333333333 0.125 0.00833333333333 0.00833333333333 0.00833333333333 0.391666666667 
20 40 0 go_charge 171.136363636 112.0 54.2166666667 21.9245283019 303.0 171.136363636 973.0 0 0.441666666667 0.0166666666667 0.183333333333 0.00833333333333 0.35 
21 56 1 stay_charging 56.2985074627 114.0 140.425 56.2985074627 1170.5 834.272727273 1561.0 0 0.558333333333 0.0166666666667 0.0916666666667 0.00833333333333 0.325 
22 68 1 gather_reward 46.5901639344 325.0 199.858333333 46.5901639344 971.6 1709.0 0 0.508333333333 0.166666666667 0.00833333333333 0.316666666667 
23 57 0 gather_reward 357.111111111 344.0 126.841666667 1007.0 733.9 357.111111111 40.2121212121 0 0.0166666666667 0.0833333333333 0.075 0.55 0.275 
24 47 0 gather_reward 306.8 237.0 70.2166666667 306.8 20.6785714286 162.72 1082.0 584.0 0 0.0416666666667 0.466666666667 0.208333333333 0.00833333333333 0.00833333333333 0.266666666667 
25 37 0 go_charge 172.935483871 227.0 69.1666666667 22.5087719298 172.935483871 577.0 1079.0 0 0.475 0.258333333333 0.00833333333333 0.00833333333333 0.25 
26 53 1 stay_charging 152.0 121.0 71.2166666667 610.5 21.9491525424 152.0 1166.0 0 0.0166666666667 0.491666666667 0.266666666667 0.00833333333333 0.216666666667 
27 66 1 gather_reward 791.454545455 846.0 160.441666667 1289.5 54.972972973 487.5 791.454545455 0 0.0166666666667 0.616666666667 0.0666666666667 0.0916666666667 0.208333333333 
28 53 0 gather_reward 1332.16666667 1241.0 256.775 1332.16666667 1784.0 30.2 681.178571429 0 0.05 0.00833333333333 0.541666666667 0.233333333333 0.166666666667 
29 44 0 go_charge 934.791666667 536.0 277.183333333 61.4246575342 1585.75 934.791666667 0 0.608333333333 0.0333333333333 0.2 0.158333333333 
30 56 1 stay_charging 26.1846153846 256.0 314.083333333 26.1846153846 1620.57142857 849.793103448 0 0.541666666667 0.0583333333333 0.241666666667 0.158333333333 
31 68 1 gather_reward 64.5694444444 571.0 306.758333333 64.5694444444 1160.76923077 1982.0 0 0.6 0.216666666667 0.00833333333333 0.175 
32 56 0 gather_reward 463.923076923 438.0 158.025 42.9350649351 463.923076923 1095.0 826.222222222 0 0.641666666667 0.108333333333 0.0166666666667 0.075 0.158333333333 
33 44 0 go_charge 88.25 77.0 33.15 12.5714285714 40.7205882353 88.25 128.0 160.0 0 0.291666666667 0.566666666667 0.0333333333333 0.0166666666667 0.00833333333333 0.0833333333333 
34 61 1 gather_reward 48.5897435897 59.0 31.9666666667 100.333333333 19.6911764706 48.5897435897 0 0.05 0.566666666667 0.325 0.0583333333333 
35 50 0 go_charge 25.49 24.0 34.3583333333 25.49 118.5 79.75 699.0 0 0.833333333333 0.0166666666667 0.0666666666667 0.00833333333333 0.075 
36 61 1 stay_charging 29.0970873786 37.0 35.2416666667 29.0970873786 96.5 152.0 694.0 0 0.858333333333 0.0333333333333 0.00833333333333 0.00833333333333 0.0916666666667 
37 74 1 gather_reward 130.6 91.0 64.5666666667 27.4487179487 130.6 988.0 701.0 0 0.65 0.25 0.00833333333333 0.00833333333333 0.0833333333333 
38 64 0 go_charge 37.1707317073 74.0 107.0 37.1707317073 360.5 218.0 520.5 674.0 1063.0 843.0 0 0.683333333333 0.0166666666667 0.208333333333 0.0166666666667 0.00833333333333 0.00833333333333 0.00833333333333 0.05 
39 75 1 gather_reward 804.941176471 924.0 235.425 38.9259259259 397.6 804.941176471 1239.66666667 0 0.675 0.0833333333333 0.141666666667 0.05 0.05 
40 64 0 gather_reward 1769.25 1938.0 367.35 39.3333333333 1769.25 1033.07692308 0 0.65 0.0666666666667 0.216666666667 0.0666666666667 
41 53 0 gather_reward 1094.28571429 1089.0 237.533333333 1094.28571429 38.3289473684 540.578947368 0 0.116666666667 0.633333333333 0.158333333333 0.0916666666667 
42 40 0 go_charge 558.0 487.0 107.333333333 962.0 1200.0 28.3802816901 239.558823529 558.0 0 0.00833333333333 0.00833333333333 0.591666666667 0.283333333333 0.00833333333333 0.1 
43 53 1 gather_reward 327.25 432.0 78.7916666667 850.0 1070.0 327.25 29.0263157895 143.571428571 0 0.00833333333333 0.00833333333333 0.0333333333333 0.633333333333 0.233333333333 0.0833333333333 
44 41 0 go_charge 30.5833333333 19.0 40.4833333333 113.428571429 30.5833333333 317.0 811.0 0 0.0583333333333 0.8 0.00833333333333 0.00833333333333 0.125 
45 57 1 gather_reward 28.9263157895 26.0 43.65 228.0 28.9263157895 117.375 867.0 0 0.025 0.791666666667 0.0666666666667 0.00833333333333 0.108333333333 
46 45 0 go_charge 21.6025641026 20.0 38.7333333333 21.6025641026 68.6818181818 136.5 187.0 719.0 0 0.65 0.183333333333 0.0333333333333 0.00833333333333 0.00833333333333 0.116666666667 
47 61 1 gather_reward 76.1111111111 110.0 36.85 23.9565217391 76.1111111111 714.0 0 0.575 0.225 0.00833333333333 0.191666666667 
