time battery charging  action  match_reward actual_reward exp_reward clusters probs
0 70 1 gather_reward 0.0 0.0 33.8114754098 120.083333333 25.1126760563 69.3076923077 0 0.0983606557377 0.581967213115 0.106557377049 0.213114754098 
1 59 0 go_charge 0.0 0.0 31.4672131148 25.9240506329 86.5454545455 839.0 0 0.647540983607 0.0901639344262 0.00819672131148 0.254098360656 
2 71 1 stay_charging 0.0 0.0 36.2295081967 29.816091954 843.0 983.0 0 0.713114754098 0.00819672131148 0.00819672131148 0.270491803279 
3 88 1 stay_charging 0.0 0.0 120.893442623 30.6153846154 423.285714286 913.833333333 1350.0 0 0.532786885246 0.114754098361 0.0491803278689 0.00819672131148 0.295081967213 
4 100 1 gather_reward 0.0 0.0 112.950819672 42.447761194 913.333333333 496.0 0 0.549180327869 0.0491803278689 0.0901639344262 0.311475409836 
5 89 0 gather_reward 0.0 0.0 21.1967213115 21.0285714286 108.0 69.5 203.0 0 0.573770491803 0.016393442623 0.0819672131148 0.00819672131148 0.319672131148 
6 79 0 gather_reward 0.0 0.0 35.762295082 26.3428571429 134.5 207.0 885.0 620.0 0 0.573770491803 0.0491803278689 0.00819672131148 0.00819672131148 0.00819672131148 0.352459016393 
7 67 0 go_charge 0.0 0.0 31.0409836066 21.9552238806 84.0 900.0 660.0 0 0.549180327869 0.0737704918033 0.00819672131148 0.00819672131148 0.360655737705 
8 84 1 gather_reward 0.0 0.0 17.393442623 96.5 18.0322580645 47.4615384615 194.0 0 0.016393442623 0.508196721311 0.106557377049 0.00819672131148 0.360655737705 
9 74 0 go_charge 0.0 0.0 18.2704918033 20.9583333333 116.25 72.0 183.0 0 0.590163934426 0.0327868852459 0.00819672131148 0.00819672131148 0.360655737705 
10 89 1 gather_reward 0.0 0.0 17.2213114754 147.0 15.9811320755 61.3333333333 38.8 0 0.016393442623 0.434426229508 0.0245901639344 0.16393442623 0.360655737705 
11 77 0 gather_reward 0.0 0.0 16.4672131148 100.0 123.0 63.375 19.3787878788 0 0.00819672131148 0.00819672131148 0.0655737704918 0.540983606557 0.377049180328 
12 67 0 go_charge 0.0 0.0 41.9754098361 22.4259259259 140.0 970.0 0 0.44262295082 0.172131147541 0.00819672131148 0.377049180328 
13 83 1 gather_reward 0.0 0.0 61.4344262295 19.3023255814 185.666666667 1095.0 0 0.352459016393 0.245901639344 0.00819672131148 0.393442622951 
14 74 0 go_charge 0.0 0.0 49.6229508197 22.1914893617 126.714285714 215.8 0 0.385245901639 0.114754098361 0.122950819672 0.377049180328 
15 91 1 stay_charging 0.0 0.0 58.6557377049 31.1481481481 202.619047619 414.0 805.0 0 0.44262295082 0.172131147541 0.00819672131148 0.00819672131148 0.368852459016 
16 100 1 gather_reward 0.0 0.0 78.4590163934 76.2957746479 377.0 1132.0 757.0 0 0.581967213115 0.00819672131148 0.016393442623 0.016393442623 0.377049180328 
17 88 0 go_charge 0.0 0.0 73.6639344262 27.32 210.590909091 494.0 761.0 1239.0 0 0.409836065574 0.180327868852 0.016393442623 0.00819672131148 0.00819672131148 0.377049180328 
18 99 1 gather_reward 0.0 0.0 59.0081967213 224.136363636 31.462962963 569.0 0 0.180327868852 0.44262295082 0.00819672131148 0.368852459016 
19 89 0 gather_reward 0.0 0.0 59.893442623 36.4310344828 218.266666667 343.0 497.0 1080.0 0 0.475409836066 0.122950819672 0.00819672131148 0.00819672131148 0.00819672131148 0.377049180328 
20 77 0 gather_reward 0.0 0.0 56.6475409836 21.9245283019 303.0 166.8 973.0 0 0.434426229508 0.016393442623 0.204918032787 0.00819672131148 0.33606557377 
21 67 0 go_charge 0.0 0.0 146.0 403.333333333 52.5820895522 1170.5 834.272727273 1561.0 0 0.0245901639344 0.549180327869 0.016393442623 0.0901639344262 0.00819672131148 0.311475409836 
22 83 1 gather_reward 0.0 0.0 210.18852459 56.1746031746 971.19047619 1709.0 0 0.516393442623 0.172131147541 0.00819672131148 0.303278688525 
23 73 0 gather_reward 0.0 0.0 134.967213115 1007.0 739.090909091 367.555555556 44.3235294118 0 0.016393442623 0.0901639344262 0.0737704918033 0.55737704918 0.262295081967 
24 63 0 go_charge 0.0 0.0 74.6967213115 34.4090909091 217.636363636 388.0 1082.0 584.0 0 0.540983606557 0.180327868852 0.00819672131148 0.00819672131148 0.00819672131148 0.254098360656 
25 80 1 stay_charging 0.0 0.0 73.3360655738 22.5087719298 176.705882353 577.0 1079.0 0 0.467213114754 0.27868852459 0.00819672131148 0.00819672131148 0.237704918033 
26 98 1 stay_charging 0.0 0.0 73.8196721311 610.5 21.9491525424 152.114285714 1166.0 0 0.016393442623 0.483606557377 0.286885245902 0.00819672131148 0.204918032787 
27 100 1 gather_reward 0.0 0.0 177.057377049 54.972972973 1289.5 679.727272727 0 0.606557377049 0.016393442623 0.180327868852 0.196721311475 
28 89 0 gather_reward 0.0 0.0 285.5 1354.36363636 30.2 665.555555556 0 0.0901639344262 0.532786885246 0.22131147541 0.155737704918 
29 79 0 gather_reward 0.0 0.0 294.745901639 67.8378378378 1562.4 925.08 0 0.606557377049 0.0409836065574 0.204918032787 0.147540983607 
30 69 0 go_charge 0.0 0.0 319.745901639 60.8888888889 1620.57142857 931.24 0 0.590163934426 0.0573770491803 0.204918032787 0.147540983607 
31 80 1 stay_charging 0.0 0.0 318.213114754 44.7971014493 1350.28571429 824.722222222 1982.0 0 0.565573770492 0.114754098361 0.147540983607 0.00819672131148 0.16393442623 
32 93 1 stay_charging 0.0 5.0 168.426229508 43.4342105263 476.3125 875.090909091 0 0.622950819672 0.131147540984 0.0901639344262 0.155737704918 
33 100 1 gather_reward 12.3823529412 19.0 33.8114754098 12.3823529412 40.8285714286 86.0 128.0 160.0 0 0.27868852459 0.573770491803 0.0409836065574 0.016393442623 0.00819672131148 0.0819672131148 
34 88 0 go_charge 19.75 30.0 32.3114754098 100.333333333 19.75 48.7073170732 0 0.0491803278689 0.55737704918 0.33606557377 0.0573770491803 
35 99 1 gather_reward 25.6960784314 28.0 34.3852459016 25.6960784314 118.5 79.75 699.0 0 0.83606557377 0.016393442623 0.0655737704918 0.00819672131148 0.0737704918033 
36 89 0 gather_reward 29.3714285714 29.0 35.3770491803 29.3714285714 96.5 152.0 694.0 0 0.860655737705 0.0327868852459 0.00819672131148 0.00819672131148 0.0901639344262 
37 79 0 gather_reward 130.375 110.0 65.5901639344 27.4487179487 130.375 988.0 701.0 0 0.639344262295 0.262295081967 0.00819672131148 0.00819672131148 0.0819672131148 
38 68 0 gather_reward 360.5 486.0 105.229508197 37.6144578313 360.5 217.037037037 614.5 1063.0 843.0 0 0.680327868852 0.016393442623 0.22131147541 0.016393442623 0.00819672131148 0.00819672131148 0.0491803278689 
39 56 0 go_charge 1261.4 1131.0 241.426229508 38.9259259259 397.6 800.9 1261.4 0 0.66393442623 0.0819672131148 0.16393442623 0.0409836065574 0.0491803278689 
40 67 1 stay_charging 1010.26923077 1304.0 384.426229508 39.3333333333 1756.5 1010.26923077 0 0.639344262295 0.0819672131148 0.213114754098 0.0655737704918 
41 84 1 gather_reward 533.15 719.0 245.778688525 1093.93333333 38.3289473684 533.15 0 0.122950819672 0.622950819672 0.16393442623 0.0901639344262 
42 70 0 go_charge 239.3 265.0 110.655737705 962.0 1200.0 470.25 30.7837837838 239.3 0 0.00819672131148 0.00819672131148 0.0327868852459 0.606557377049 0.245901639344 0.0983606557377 
43 86 1 gather_reward 148.407407407 137.0 82.1721311475 850.0 1070.0 348.2 30.2179487179 148.407407407 0 0.00819672131148 0.00819672131148 0.0409836065574 0.639344262295 0.22131147541 0.0819672131148 
44 77 0 gather_reward 30.0816326531 36.0 39.9180327869 113.428571429 30.0816326531 317.0 811.0 0 0.0573770491803 0.803278688525 0.00819672131148 0.00819672131148 0.122950819672 
45 67 0 go_charge 32.1176470588 30.0 43.0573770492 32.1176470588 228.0 142.0 867.0 0 0.83606557377 0.0245901639344 0.0245901639344 0.00819672131148 0.106557377049 
46 84 1 gather_reward 21.25 29.0 38.2213114754 21.25 68.6818181818 136.5 187.0 719.0 0 0.655737704918 0.180327868852 0.0327868852459 0.00819672131148 0.00819672131148 0.114754098361 
47 70 0 go_charge 23.8857142857 20.0 37.3032786885 23.8857142857 77.3214285714 714.0 0 0.573770491803 0.229508196721 0.00819672131148 0.188524590164 
