time battery charging  action  match_reward actual_reward exp_reward clusters probs
0 70 1 gather_reward 22.3857142857 22.0 22.3613445378 46.9 22.3857142857 81.0 115.75 0 0.0840336134454 0.588235294118 0.0168067226891 0.0336134453782 0.27731092437 
1 58 0 go_charge 23.164556962 29.0 23.6302521008 23.164556962 116.0 75.0 791.0 0 0.663865546218 0.00840336134454 0.00840336134454 0.00840336134454 0.310924369748 
2 73 1 gather_reward 21.24 24.0 30.4201680672 84.0 21.24 792.0 983.0 0 0.0252100840336 0.63025210084 0.00840336134454 0.00840336134454 0.327731092437 
3 61 0 gather_reward 31.0689655172 16.0 112.31092437 31.0689655172 431.846153846 919.8 1350.0 0 0.487394957983 0.109243697479 0.0420168067227 0.00840336134454 0.352941176471 
4 49 0 gather_reward 40.2931034483 33.0 102.857142857 40.2931034483 918.6 482.727272727 0 0.487394957983 0.0420168067227 0.0924369747899 0.378151260504 
5 38 0 go_charge 19.1304347826 43.0 15.0504201681 19.1304347826 83.0 115.0 190.0 0 0.579831932773 0.0168067226891 0.00840336134454 0.00840336134454 0.386554621849 
6 51 1 stay_charging 22.1666666667 35.0 27.3865546218 22.1666666667 130.0 195.0 880.0 591.0 0 0.554621848739 0.00840336134454 0.00840336134454 0.00840336134454 0.00840336134454 0.411764705882 
7 64 1 gather_reward 21.5671641791 34.0 24.6638655462 21.5671641791 890.0 600.0 0 0.563025210084 0.00840336134454 0.00840336134454 0.420168067227 
8 52 0 gather_reward 42.1428571429 44.0 12.974789916 42.1428571429 17.6885245902 170.0 0 0.0588235294118 0.512605042017 0.00840336134454 0.420168067227 
9 40 0 go_charge 34.6 41.0 12.7647058824 34.6 15.6603773585 170.0 0 0.126050420168 0.445378151261 0.00840336134454 0.420168067227 
10 53 1 stay_charging 9.96296296296 16.0 13.0 9.96296296296 28.1428571429 96.0 0 0.226890756303 0.352941176471 0.00840336134454 0.411764705882 
11 66 1 stay_charging 0.0 3.0 13.4705882353 35.6111111111 16.306122449 61.0 102.0 0 0.151260504202 0.411764705882 0.00840336134454 0.00840336134454 0.420168067227 
12 78 1 stay_charging 0.0 3.0 40.1764705882 22.1063829787 132.0 970.0 0 0.394957983193 0.176470588235 0.00840336134454 0.420168067227 
13 90 1 stay_charging 0.0 11.0 58.9411764706 24.2558139535 195.04 1095.0 0 0.361344537815 0.210084033613 0.00840336134454 0.420168067227 
14 100 1 gather_reward 21.5609756098 34.0 47.4369747899 21.5609756098 134.823529412 224.454545455 0 0.344537815126 0.142857142857 0.0924369747899 0.420168067227 
15 88 0 gather_reward 57.4833333333 38.0 56.4453781513 57.4833333333 257.0 414.0 798.0 0 0.504201680672 0.0672268907563 0.00840336134454 0.00840336134454 0.411764705882 
16 77 0 go_charge 0.0 34.0 78.7226890756 79.4242424242 377.0 1120.0 754.5 0 0.554621848739 0.00840336134454 0.0168067226891 0.0168067226891 0.403361344538 
17 91 1 gather_reward 31.0217391304 27.0 73.4117647059 31.0217391304 207.761904762 488.5 752.0 1217.0 0 0.386554621849 0.176470588235 0.0168067226891 0.00840336134454 0.00840336134454 0.403361344538 
18 80 0 go_charge 23.4318181818 25.0 58.1764705882 23.4318181818 294.333333333 185.0 569.0 0 0.36974789916 0.0252100840336 0.201680672269 0.00840336134454 0.394957983193 
19 97 1 gather_reward 37.9245283019 27.0 58.6218487395 211.8125 37.9245283019 497.0 1080.0 0 0.134453781513 0.445378151261 0.00840336134454 0.00840336134454 0.403361344538 
20 86 0 go_charge 24.3695652174 34.0 56.4705882353 289.333333333 24.3695652174 156.583333333 973.0 0 0.0252100840336 0.386554621849 0.201680672269 0.00840336134454 0.378151260504 
21 99 1 stay_charging 0.0 28.0 148.336134454 403.333333333 59.7931034483 879.461538462 1541.0 0 0.0252100840336 0.487394957983 0.109243697479 0.00840336134454 0.36974789916 
22 100 1 stay_charging 0.0 14.0 213.663865546 62.4285714286 1503.0 916.894736842 0 0.470588235294 0.0252100840336 0.159663865546 0.344537815126 
23 100 1 gather_reward 45.6935483871 29.0 135.605042017 795.916666667 375.3 45.6935483871 0 0.100840336134 0.0840336134454 0.521008403361 0.294117647059 
24 88 0 gather_reward 53.0441176471 39.0 73.6554621849 53.0441176471 239.0 388.0 1079.0 584.0 0 0.571428571429 0.109243697479 0.00840336134454 0.00840336134454 0.00840336134454 0.294117647059 
25 77 0 go_charge 38.4285714286 32.0 71.3109243697 200.409090909 38.4285714286 577.0 1079.0 0 0.18487394958 0.529411764706 0.00840336134454 0.00840336134454 0.268907563025 
26 91 1 stay_charging 22.8245614035 35.0 70.8487394958 602.0 22.8245614035 153.548387097 1166.0 0 0.0168067226891 0.478991596639 0.260504201681 0.00840336134454 0.235294117647 
27 100 1 gather_reward 54.0294117647 36.0 171.268907563 54.0294117647 1282.0 673.476190476 0 0.571428571429 0.0168067226891 0.176470588235 0.235294117647 
28 88 0 go_charge 0.0 32.0 281.81512605 117.180555556 874.0 1373.7 0 0.605042016807 0.109243697479 0.0840336134454 0.201680672269 
29 99 1 gather_reward 34.9166666667 39.0 295.100840336 34.9166666667 1554.6 814.483870968 0 0.504201680672 0.0420168067227 0.260504201681 0.193277310924 
30 88 0 gather_reward 59.447761194 34.0 320.840336134 59.447761194 1609.14285714 917.32 0 0.563025210084 0.0588235294118 0.210084033613 0.168067226891 
31 77 0 gather_reward 38.1746031746 24.0 320.478991597 38.1746031746 1338.57142857 792.105263158 1942.0 0 0.529411764706 0.117647058824 0.159663865546 0.00840336134454 0.18487394958 
32 65 0 go_charge 0.0 26.0 165.663865546 52.9480519481 511.083333333 864.0 0 0.647058823529 0.100840336134 0.0924369747899 0.159663865546 
33 81 1 gather_reward 36.0909090909 41.0 26.6050420168 68.3333333333 14.1111111111 36.0909090909 136.0 0 0.0504201680672 0.378151260504 0.46218487395 0.00840336134454 0.100840336134 
34 71 0 gather_reward 37.6909090909 27.0 25.8403361345 93.0 113.0 15.3076923077 37.6909090909 0 0.00840336134454 0.00840336134454 0.436974789916 0.46218487395 0.0840336134454 
35 59 0 go_charge 0.0 2.0 28.7226890756 22.6542056075 111.0 73.0 699.0 0 0.899159663866 0.0168067226891 0.00840336134454 0.00840336134454 0.0672268907563 
36 71 1 stay_charging 0.0 11.0 29.487394958 112.5 67.3333333333 23.6435643564 694.0 0 0.0168067226891 0.0252100840336 0.848739495798 0.00840336134454 0.100840336134 
37 88 1 stay_charging 25.3648648649 27.0 60.1848739496 25.3648648649 114.46875 946.0 676.0 0 0.621848739496 0.268907563025 0.00840336134454 0.00840336134454 0.0924369747899 
38 100 1 gather_reward 38.3076923077 33.0 102.445378151 38.3076923077 338.0 201.0 506.0 659.0 1015.0 816.0 0 0.655462184874 0.0168067226891 0.210084033613 0.0168067226891 0.00840336134454 0.00840336134454 0.00840336134454 0.0756302521008 
39 88 0 go_charge 0.0 18.0 246.067226891 59.8192771084 679.611111111 1062.7 1457.0 0 0.697478991597 0.151260504202 0.0840336134454 0.00840336134454 0.0588235294118 
40 99 1 gather_reward 37.9295774648 44.0 393.764705882 37.9295774648 1723.2 997.518518519 0 0.596638655462 0.0840336134454 0.226890756303 0.0924369747899 
41 88 0 gather_reward 38.652173913 48.0 245.058823529 1067.33333333 38.652173913 524.25 0 0.126050420168 0.579831932773 0.168067226891 0.126050420168 
42 77 0 gather_reward 40.8552631579 24.0 99.8403361345 962.0 1183.0 486.333333333 246.285714286 40.8552631579 0 0.00840336134454 0.00840336134454 0.0252100840336 0.176470588235 0.638655462185 0.142857142857 
43 67 0 go_charge 0.0 19.0 71.2521008403 850.0 1053.0 47.2365591398 402.5 229.666666667 0 0.00840336134454 0.00840336134454 0.781512605042 0.0168067226891 0.0504201680672 0.134453781513 
44 83 1 gather_reward 23.085106383 33.0 28.8571428571 23.085106383 75.5 811.0 0 0.789915966387 0.0504201680672 0.00840336134454 0.151260504202 
45 70 0 gather_reward 24.29 52.0 29.1512605042 24.29 124.0 88.0 828.0 0 0.840336134454 0.00840336134454 0.00840336134454 0.00840336134454 0.134453781513 
46 58 0 gather_reward 22.8315789474 37.0 27.8823529412 22.8315789474 77.0 122.0 719.0 0 0.798319327731 0.0336134453782 0.00840336134454 0.00840336134454 0.151260504202 
47 46 0 gather_reward 70.0 53.0 29.4621848739 23.3125 109.25 70.0 714.0 0 0.672268907563 0.0336134453782 0.0588235294118 0.00840336134454 0.226890756303 
