time battery charging  action  match_reward actual_reward exp_reward clusters probs
0 70 1 gather_reward 21.3636363636 32.0 22.2773109244 44.0 21.3636363636 81.0 115.75 0 0.117647058824 0.554621848739 0.0168067226891 0.0336134453782 0.27731092437 
1 58 0 go_charge 22.9493670886 46.0 23.487394958 22.9493670886 116.0 75.0 791.0 0 0.663865546218 0.00840336134454 0.00840336134454 0.00840336134454 0.310924369748 
2 73 1 gather_reward 21.1733333333 29.0 30.3781512605 84.0 21.1733333333 792.0 983.0 0 0.0252100840336 0.63025210084 0.00840336134454 0.00840336134454 0.327731092437 
3 61 0 gather_reward 30.3620689655 57.0 111.966386555 30.3620689655 431.846153846 919.8 1350.0 0 0.487394957983 0.109243697479 0.0420168067227 0.00840336134454 0.352941176471 
4 49 0 gather_reward 40.0517241379 47.0 102.739495798 40.0517241379 918.6 482.727272727 0 0.487394957983 0.0420168067227 0.0924369747899 0.378151260504 
5 38 0 go_charge 18.046875 12.0 15.3109243697 39.2 18.046875 83.0 115.0 190.0 0 0.0420168067227 0.53781512605 0.0168067226891 0.00840336134454 0.00840336134454 0.386554621849 
6 51 1 gather_reward 880.0 591.0 22.7142857143 22.3582089552 130.0 195.0 880.0 0 0.563025210084 0.00840336134454 0.00840336134454 0.00840336134454 0.411764705882 
7 40 0 go_charge 890.0 600.0 19.9075630252 21.75 890.0 0 0.571428571429 0.00840336134454 0.420168067227 
8 53 1 gather_reward 42.375 33.0 13.0672268908 42.375 17.4333333333 170.0 0 0.0672268907563 0.504201680672 0.00840336134454 0.420168067227 
9 42 0 go_charge 13.1904761905 22.0 12.9243697479 13.1904761905 31.3076923077 170.0 0 0.352941176471 0.218487394958 0.00840336134454 0.420168067227 
10 54 1 gather_reward 36.6428571429 96.0 12.3277310924 10.1785714286 36.6428571429 23.8928571429 0 0.235294117647 0.117647058824 0.235294117647 0.411764705882 
11 43 0 go_charge 61.0 102.0 12.6386554622 10.8275862069 28.9487179487 61.0 0 0.243697478992 0.327731092437 0.00840336134454 0.420168067227 
12 57 1 gather_reward 133.25 107.0 39.3025210084 21.7083333333 133.25 970.0 0 0.403361344538 0.168067226891 0.00840336134454 0.420168067227 
13 45 0 gather_reward 193.083333333 242.0 57.0 23.9545454545 193.083333333 1095.0 0 0.36974789916 0.201680672269 0.00840336134454 0.420168067227 
14 34 0 go_charge 219.3 276.0 45.4033613445 21.8571428571 134.823529412 219.3 0 0.352941176471 0.142857142857 0.0840336134454 0.420168067227 
15 47 1 gather_reward 271.0 226.0 54.8655462185 21.6097560976 133.571428571 271.0 414.0 798.0 0 0.344537815126 0.176470588235 0.0504201680672 0.00840336134454 0.00840336134454 0.411764705882 
16 36 0 go_charge 77.8787878788 136.0 77.8655462185 77.8787878788 377.0 1120.0 754.5 0 0.554621848739 0.00840336134454 0.0168067226891 0.0168067226891 0.403361344538 
17 49 1 gather_reward 207.65 210.0 71.8739495798 30.9361702128 207.65 488.5 752.0 1217.0 0 0.394957983193 0.168067226891 0.0168067226891 0.00840336134454 0.00840336134454 0.403361344538 
18 38 0 go_charge 185.173913043 181.0 56.8655462185 23.4666666667 294.333333333 185.173913043 569.0 0 0.378151260504 0.0252100840336 0.193277310924 0.00840336134454 0.394957983193 
19 51 1 stay_charging 37.0566037736 73.0 58.2352941176 211.8125 37.0566037736 497.0 1080.0 0 0.134453781513 0.445378151261 0.00840336134454 0.00840336134454 0.403361344538 
20 64 1 gather_reward 158.347826087 116.0 55.781512605 24.5744680851 289.333333333 158.347826087 973.0 0 0.394957983193 0.0252100840336 0.193277310924 0.00840336134454 0.378151260504 
21 52 0 go_charge 58.1206896552 125.0 147.521008403 403.333333333 58.1206896552 879.461538462 1541.0 0 0.0252100840336 0.487394957983 0.109243697479 0.00840336134454 0.36974789916 
22 64 1 gather_reward 67.5438596491 174.0 212.319327731 67.5438596491 1503.0 939.277777778 0 0.478991596639 0.0252100840336 0.151260504202 0.344537815126 
23 52 0 go_charge 43.5322580645 163.0 134.478991597 795.916666667 375.3 43.5322580645 0 0.100840336134 0.0840336134454 0.521008403361 0.294117647059 
24 64 1 stay_charging 20.8163265306 73.0 73.3697478992 20.8163265306 176.875 584.0 388.0 1079.0 0 0.411764705882 0.268907563025 0.00840336134454 0.00840336134454 0.00840336134454 0.294117647059 
25 76 1 stay_charging 42.3636363636 118.0 70.5882352941 207.789473684 42.3636363636 577.0 1079.0 0 0.159663865546 0.554621848739 0.00840336134454 0.00840336134454 0.268907563025 
26 89 1 gather_reward 150.8 236.0 69.1596638655 602.0 23.0344827586 150.8 1166.0 0 0.0168067226891 0.487394957983 0.252100840336 0.00840336134454 0.235294117647 
27 78 0 gather_reward 797.75 706.0 165.638655462 53.768115942 1282.0 483.0 797.75 0 0.579831932773 0.0168067226891 0.0672268907563 0.100840336134 0.235294117647 
28 66 0 gather_reward 885.583333333 735.0 275.907563025 116.01369863 885.583333333 1373.7 0 0.613445378151 0.100840336134 0.0840336134454 0.201680672269 
29 54 0 go_charge 31.25 259.0 293.25210084 31.25 1554.6 814.483870968 0 0.504201680672 0.0420168067227 0.260504201681 0.193277310924 
30 69 1 gather_reward 913.291666667 1014.0 312.605042017 59.0735294118 1609.14285714 913.291666667 0 0.571428571429 0.0588235294118 0.201680672269 0.168067226891 
31 57 0 gather_reward 1129.19230769 1379.0 309.092436975 78.3 1129.19230769 1942.0 0 0.588235294118 0.218487394958 0.00840336134454 0.18487394958 
32 45 0 gather_reward 513.818181818 481.0 161.840336134 52.6025641026 513.818181818 864.0 0 0.655462184874 0.0924369747899 0.0924369747899 0.159663865546 
33 34 0 go_charge 36.3090909091 29.0 26.7058823529 68.3333333333 14.1111111111 36.3090909091 136.0 0 0.0504201680672 0.378151260504 0.46218487395 0.00840336134454 0.100840336134 
34 47 1 stay_charging 14.92 25.0 25.8571428571 93.0 113.0 14.92 37.2807017544 0 0.00840336134454 0.00840336134454 0.420168067227 0.478991596639 0.0840336134454 
35 60 1 stay_charging 22.5607476636 12.0 28.6386554622 22.5607476636 111.0 73.0 699.0 0 0.899159663866 0.0168067226891 0.00840336134454 0.00840336134454 0.0672268907563 
36 73 1 stay_charging 23.4851485149 27.0 29.3529411765 112.5 67.3333333333 23.4851485149 694.0 0 0.0168067226891 0.0252100840336 0.848739495798 0.00840336134454 0.100840336134 
37 85 1 gather_reward 165.0 159.0 59.0756302521 165.0 41.7142857143 946.0 676.0 0 0.0672268907563 0.823529411765 0.00840336134454 0.00840336134454 0.0924369747899 
38 71 0 gather_reward 200.75 207.0 100.983193277 38.2405063291 338.0 200.75 506.0 659.0 1015.0 816.0 0 0.663865546218 0.0168067226891 0.201680672269 0.0168067226891 0.00840336134454 0.00840336134454 0.00840336134454 0.0756302521008 
39 59 0 go_charge 55.6626506024 363.0 243.168067227 55.6626506024 679.611111111 1062.7 1457.0 0 0.697478991597 0.151260504202 0.0840336134454 0.00840336134454 0.0588235294118 
40 71 1 stay_charging 33.0422535211 391.0 390.848739496 33.0422535211 1723.2 997.518518519 0 0.596638655462 0.0840336134454 0.226890756303 0.0924369747899 
41 88 1 gather_reward 76.1923076923 101.0 244.613445378 76.1923076923 650.545454545 1067.33333333 0 0.655462184874 0.0924369747899 0.126050420168 0.126050420168 
42 77 0 gather_reward 39.8157894737 103.0 99.1764705882 962.0 1183.0 486.333333333 246.285714286 39.8157894737 0 0.00840336134454 0.00840336134454 0.0252100840336 0.176470588235 0.638655462185 0.142857142857 
43 67 0 gather_reward 46.2258064516 113.0 70.4621848739 850.0 1053.0 46.2258064516 402.5 229.666666667 0 0.00840336134454 0.00840336134454 0.781512605042 0.0168067226891 0.0504201680672 0.134453781513 
44 55 0 go_charge 23.1276595745 29.0 28.8907563025 23.1276595745 75.5 811.0 0 0.789915966387 0.0504201680672 0.00840336134454 0.151260504202 
45 67 1 gather_reward 24.39 42.0 29.2352941176 24.39 124.0 88.0 828.0 0 0.840336134454 0.00840336134454 0.00840336134454 0.00840336134454 0.134453781513 
46 55 0 gather_reward 22.8105263158 39.0 27.8655462185 22.8105263158 77.0 122.0 719.0 0 0.798319327731 0.0336134453782 0.00840336134454 0.00840336134454 0.151260504202 
47 42 0 go_charge 23.3037974684 24.0 29.7058823529 23.3037974684 109.25 67.875 714.0 0 0.663865546218 0.0336134453782 0.0672268907563 0.00840336134454 0.226890756303 
