time battery charging  action  actual_reward exp_reward 
0 70 1 stay_charging 35000.0 4861.38823529 
1 77 1 stay_charging 25000.0 2001.92941176 
2 84 1 stay_charging 15000.0 1083.89411765 
3 91 1 stay_charging 15000.0 1028.75294118 
4 98 1 gather_reward 4000.0 2405.91764706 
5 95 0 gather_reward 3000.0 2364.82352941 
6 92 0 gather_reward 3000.0 2291.05882353 
7 89 0 gather_reward 3000.0 2105.07058824 
8 86 0 gather_reward 3000.0 2209.4 
9 83 0 go_charge 3000.0 1987.41176471 
10 89 1 stay_charging 3000.0 1998.0 
11 96 1 gather_reward 3000.0 2003.76470588 
12 93 0 gather_reward 3000.0 2006.58823529 
13 90 0 gather_reward 3000.0 2006.94117647 
14 87 0 go_charge 3000.0 1955.88235294 
15 93 1 stay_charging 3000.0 1989.05882353 
16 100 1 gather_reward 3000.0 4779.52941176 
17 96 0 gather_reward 3000.0 4765.76470588 
18 93 0 gather_reward 0.0 4249.29411765 
19 90 0 go_charge 0.0 4246.70588235 
20 96 1 gather_reward 600.0 4841.52941176 
21 93 0 gather_reward 9800.0 8978.17647059 
22 90 0 gather_reward 10300.0 10592.4 
23 87 0 gather_reward 10200.0 9997.03529412 
24 84 0 gather_reward 9800.0 9627.43529412 
25 81 0 gather_reward 9700.0 9654.96470588 
26 78 0 gather_reward 13400.0 10966.8352941 
27 75 0 gather_reward 9700.0 11571.4235294 
28 72 0 gather_reward 9700.0 6464.32941176 
29 69 0 gather_reward 9700.0 6571.29411765 
30 66 0 gather_reward 9700.0 6569.91764706 
31 63 0 gather_reward 700.0 5410.92941176 
32 60 0 gather_reward 700.0 6465.10588235 
33 57 0 gather_reward 700.0 6835.31764706 
34 54 0 gather_reward 4300.0 9856.94117647 
35 51 0 gather_reward 700.0 7718.81176471 
36 48 0 gather_reward 700.0 6899.18823529 
37 45 0 gather_reward 700.0 5838.17647059 
38 42 0 gather_reward 700.0 6792.07058824 
39 39 0 go_charge 700.0 6224.48235294 
40 45 1 stay_charging 700.0 3965.64705882 
41 52 1 gather_reward 3500.0 7999.01176471 
42 49 0 gather_reward 3000.0 8006.0 
43 46 0 gather_reward 3000.0 7985.30588235 
44 43 0 gather_reward 3000.0 7290.52941176 
45 40 0 gather_reward 3000.0 6645.78823529 
46 37 0 gather_reward 3000.0 6138.65882353 
47 34 0 gather_reward 3000.0 6065.44705882 
