time charging battery action matched_reward actual_reward exp_reward  cluster_vals prob_vals
0 1 70 gather_reward 50000.0 35000.0 4861.38823529 610.577777778 18438.6153846 50000.0 96040.0 0 0.529411764706 0.152941176471 0.0117647058824 0.0117647058824 0.294117647059
1 0 67 gather_reward 14714.0 25000.0 2001.92941176 43180.0 50000.0 1021.45454545 6090.0 14714.0 0 0.0117647058824 0.0117647058824 0.647058823529 0.0117647058824 0.0117647058824 0.305882352941
2 0 65 gather_reward 20000.0 15000.0 1083.89411765 381.627906977 3000.0 5573.66666667 20000.0 0 0.505882352941 0.152941176471 0.0352941176471 0.0117647058824 0.294117647059
3 0 62 gather_reward 20000.0 15000.0 1028.75294118 3010.4 369.090909091 6048.0 20000.0 0 0.176470588235 0.517647058824 0.0117647058824 0.0117647058824 0.282352941176
4 0 59 gather_reward 1138.22807018 4000.0 2405.91764706 17962.0 1138.22807018 9100.0 94600.0 0 0.0235294117647 0.670588235294 0.0117647058824 0.0117647058824 0.282352941176
5 0 56 gather_reward 1096.03508772 3000.0 2364.82352941 1096.03508772 11968.0 20000.0 94600.0 0 0.670588235294 0.0235294117647 0.0117647058824 0.0117647058824 0.282352941176
6 0 53 gather_reward 1173.10344828 3000.0 2291.05882353 1173.10344828 12100.0 20000.0 94600.0 0 0.682352941176 0.0117647058824 0.0117647058824 0.0117647058824 0.282352941176
7 0 50 gather_reward 1289.83928571 3000.0 2105.07058824 1289.83928571 12100.0 94600.0 0 0.658823529412 0.0117647058824 0.0117647058824 0.317647058824
8 0 47 go_charge 877.346153846 3000.0 2209.4 877.346153846 6796.71428571 94600.0 0 0.611764705882 0.0823529411765 0.0117647058824 0.294117647059
9 1 53 gather_reward 1028.59649123 3000.0 1987.41176471 1028.59649123 7850.0 94600.0 0 0.670588235294 0.0235294117647 0.0117647058824 0.294117647059
10 0 50 gather_reward 1028.59649123 3000.0 1998.0 1028.59649123 8300.0 94600.0 0 0.670588235294 0.0235294117647 0.0117647058824 0.294117647059
11 0 47 gather_reward 1026.66666667 3000.0 2003.76470588 1026.66666667 6000.0 11200.0 94600.0 0 0.670588235294 0.0117647058824 0.0117647058824 0.0117647058824 0.294117647059
12 0 44 go_charge 1030.87719298 3000.0 2006.58823529 1030.87719298 6000.0 11200.0 94600.0 0 0.670588235294 0.0117647058824 0.0117647058824 0.0117647058824 0.294117647059
13 1 50 stay_charging 1049.82142857 3000.0 2006.94117647 1049.82142857 6000.0 11200.0 94600.0 0 0.658823529412 0.0117647058824 0.0117647058824 0.0117647058824 0.305882352941
14 1 57 stay_charging 972.321428571 3000.0 1955.88235294 972.321428571 6000.0 11200.0 94600.0 0 0.658823529412 0.0117647058824 0.0117647058824 0.0117647058824 0.305882352941
15 1 64 gather_reward 1041.27272727 3000.0 1989.05882353 1041.27272727 6000.0 11200.0 94600.0 0 0.647058823529 0.0117647058824 0.0117647058824 0.0117647058824 0.317647058824
16 0 61 gather_reward 3213.33333333 3000.0 4779.52941176 29400.0 37600.0 46200.0 18900.0 3213.33333333 10060.0 0 0.0117647058824 0.0117647058824 0.0117647058824 0.0235294117647 0.529411764706 0.129411764706 0.282352941176
17 0 58 gather_reward 3344.18604651 3000.0 4765.76470588 3344.18604651 10590.8333333 29400.0 37600.0 21000.0 46200.0 0 0.505882352941 0.141176470588 0.0117647058824 0.0117647058824 0.0117647058824 0.0117647058824 0.305882352941
18 0 55 go_charge 0.0 0.0 4249.29411765 4687.64705882 14750.0 29400.0 37710.0 46200.0 0 0.4 0.0705882352941 0.0117647058824 0.0117647058824 0.0117647058824 0.494117647059
19 1 61 stay_charging 0.0 0.0 4246.70588235 33510.0 46200.0 18900.0 5525.0 0 0.0235294117647 0.0117647058824 0.0235294117647 0.447058823529 0.494117647059
20 1 68 stay_charging 0.0 600.0 4841.52941176 13746.6666667 4509.18918919 26133.3333333 41905.0 0 0.0705882352941 0.435294117647 0.0352941176471 0.0235294117647 0.435294117647
21 1 75 gather_reward 6681.09756098 9800.0 8978.17647059 6681.09756098 23291.0 40736.6666667 57900.0 76200.0 0 0.482352941176 0.117647058824 0.0352941176471 0.0117647058824 0.0117647058824 0.341176470588
22 0 72 gather_reward 7460.02325581 10300.0 10592.4 7460.02325581 24403.0 43006.6666667 63061.5 80400.0 0 0.505882352941 0.117647058824 0.0352941176471 0.0235294117647 0.0117647058824 0.305882352941
23 0 69 gather_reward 7047.0 10200.0 9997.03529412 7047.0 23036.4 41936.6666667 60700.0 76200.0 0 0.494117647059 0.117647058824 0.0352941176471 0.0235294117647 0.0117647058824 0.317647058824
24 0 67 gather_reward 6712.69767442 9800.0 9627.43529412 6712.69767442 21665.4 67901.0 44307.5 0 0.505882352941 0.117647058824 0.0235294117647 0.0470588235294 0.305882352941
25 0 65 gather_reward 6768.41860465 9700.0 9654.96470588 6768.41860465 21682.0 67900.0 44252.5 0 0.505882352941 0.117647058824 0.0235294117647 0.0470588235294 0.305882352941
26 0 62 gather_reward 9579.66666667 13400.0 10966.8352941 9579.66666667 41704.5 62933.3333333 88000.0 0 0.6 0.0470588235294 0.0352941176471 0.0117647058824 0.305882352941
27 0 59 gather_reward 9789.64150943 9700.0 11571.4235294 9789.64150943 67900.0 41173.3333333 205400.0 0 0.623529411765 0.0235294117647 0.0352941176471 0.0117647058824 0.305882352941
28 0 56 gather_reward 3548.39215686 9700.0 6464.32941176 30033.3333333 3548.39215686 72000.0 206400.0 0 0.0352941176471 0.6 0.0117647058824 0.0117647058824 0.341176470588
29 0 53 gather_reward 3774.46 9700.0 6571.29411765 30479.0 3774.46 72000.0 206400.0 0 0.0352941176471 0.588235294118 0.0117647058824 0.0117647058824 0.352941176471
30 0 50 gather_reward 3780.86 9700.0 6569.91764706 30000.0 3780.86 72000.0 207400.0 0 0.0352941176471 0.588235294118 0.0117647058824 0.0117647058824 0.352941176471
31 0 47 go_charge 1133.44736842 700.0 5410.92941176 1133.44736842 16738.1666667 60000.0 156000.0 0 0.447058823529 0.141176470588 0.0117647058824 0.0117647058824 0.388235294118
32 1 53 stay_charging 0.0 700.0 6465.10588235 5673.0 41211.0 60000.0 159000.0 0 0.6 0.0117647058824 0.0117647058824 0.0117647058824 0.364705882353
33 1 59 stay_charging 0.0 700.0 6835.31764706 59749.5 5905.23529412 160336.0 0 0.0235294117647 0.6 0.0117647058824 0.364705882353
34 1 66 gather_reward 7520.8 4300.0 9856.94117647 82092.0 7520.8 36291.6666667 188741.0 0 0.0235294117647 0.588235294118 0.0352941176471 0.0117647058824 0.341176470588
35 0 63 go_charge 0.0 700.0 7718.81176471 26709.5 6957.36734694 57654.0 93042.0 0 0.0470588235294 0.576470588235 0.0235294117647 0.0117647058824 0.341176470588
36 1 69 stay_charging 0.0 700.0 6899.18823529 24340.25 4801.875 57539.3333333 85962.0 0 0.0470588235294 0.564705882353 0.0352941176471 0.0117647058824 0.341176470588
37 1 75 stay_charging 0.0 700.0 5838.17647059 59500.0 84200.0 3890.5 25050.0 40639.0 0 0.0235294117647 0.0117647058824 0.611764705882 0.0235294117647 0.0117647058824 0.317647058824
38 1 82 stay_charging 0.0 700.0 6792.07058824 5459.14814815 61537.3333333 97920.0 0 0.635294117647 0.0352941176471 0.0117647058824 0.317647058824
39 1 89 stay_charging 0.0 700.0 6224.48235294 61853.0 47710.0 27626.8333333 3426.85714286 0 0.0235294117647 0.0117647058824 0.0705882352941 0.658823529412 0.235294117647
40 1 95 stay_charging 0.0 700.0 3965.64705882 1583.34693878 13400.0 46613.0 27005.3333333 71854.0 0 0.576470588235 0.0117647058824 0.0235294117647 0.0352941176471 0.0117647058824 0.341176470588
41 1 100 gather_reward 1473.125 3500.0 7999.01176471 1473.125 34202.0 18948.5333333 100587.0 55400.0 0 0.564705882353 0.0235294117647 0.176470588235 0.0235294117647 0.0117647058824 0.2
42 0 97 gather_reward 2686.67924528 3000.0 8006.0 104498.5 2686.67924528 27426.5833333 0 0.0235294117647 0.623529411765 0.141176470588 0.211764705882
43 0 95 gather_reward 2357.5 3000.0 7985.30588235 109402.5 2357.5 23032.3636364 42000.0 0 0.0235294117647 0.611764705882 0.129411764706 0.0235294117647 0.211764705882
44 0 93 gather_reward 1133.82978723 3000.0 7290.52941176 1133.82978723 19417.2 42000.0 74807.0 116340.0 0 0.552941176471 0.176470588235 0.0235294117647 0.0117647058824 0.0117647058824 0.223529411765
45 0 90 gather_reward 935.413043478 3000.0 6645.78823529 44945.0 935.413043478 19328.8571429 116424.0 0 0.0352941176471 0.541176470588 0.164705882353 0.0117647058824 0.247058823529
46 0 88 gather_reward 1111.48888889 3000.0 6138.65882353 39000.0 52200.0 1111.48888889 20339.1538462 116160.0 0 0.0117647058824 0.0117647058824 0.529411764706 0.152941176471 0.0117647058824 0.282352941176
47 0 85 gather_reward 765.930232558 3000.0 6065.44705882 48100.0 765.930232558 19507.4285714 113324.0 0 0.0235294117647 0.505882352941 0.164705882353 0.0117647058824 0.294117647059
48 0 82 gather_reward 50000.0 34710.0 4861.38823529 610.577777778 18438.6153846 50000.0 96040.0 0 0.529411764706 0.152941176471 0.0117647058824 0.0117647058824 0.294117647059
49 0 80 gather_reward 14714.0 14718.0 2001.92941176 43180.0 50000.0 1021.45454545 6090.0 14714.0 0 0.0117647058824 0.0117647058824 0.647058823529 0.0117647058824 0.0117647058824 0.305882352941
50 0 77 gather_reward 5573.66666667 4686.0 1083.89411765 381.627906977 3000.0 5573.66666667 20000.0 0 0.505882352941 0.152941176471 0.0352941176471 0.0117647058824 0.294117647059
51 0 74 gather_reward 3010.4 3030.0 1028.75294118 3010.4 369.090909091 6048.0 20000.0 0 0.176470588235 0.517647058824 0.0117647058824 0.0117647058824 0.282352941176
52 0 71 gather_reward 1138.22807018 3014.0 2405.91764706 17962.0 1138.22807018 9100.0 94600.0 0 0.0235294117647 0.670588235294 0.0117647058824 0.0117647058824 0.282352941176
53 0 68 gather_reward 1096.03508772 4670.0 2364.82352941 1096.03508772 11968.0 20000.0 94600.0 0 0.670588235294 0.0235294117647 0.0117647058824 0.0117647058824 0.282352941176
54 0 66 gather_reward 1173.10344828 4658.0 2291.05882353 1173.10344828 12100.0 20000.0 94600.0 0 0.682352941176 0.0117647058824 0.0117647058824 0.0117647058824 0.282352941176
55 0 63 gather_reward 1289.83928571 3000.0 2105.07058824 1289.83928571 12100.0 94600.0 0 0.658823529412 0.0117647058824 0.0117647058824 0.317647058824
56 0 61 gather_reward 877.346153846 3000.0 2209.4 877.346153846 6796.71428571 94600.0 0 0.611764705882 0.0823529411765 0.0117647058824 0.294117647059
57 0 58 gather_reward 1028.59649123 3000.0 1987.41176471 1028.59649123 7850.0 94600.0 0 0.670588235294 0.0235294117647 0.0117647058824 0.294117647059
58 0 55 gather_reward 1028.59649123 3000.0 1998.0 1028.59649123 8300.0 94600.0 0 0.670588235294 0.0235294117647 0.0117647058824 0.294117647059
59 0 52 gather_reward 1026.66666667 3000.0 2003.76470588 1026.66666667 6000.0 11200.0 94600.0 0 0.670588235294 0.0117647058824 0.0117647058824 0.0117647058824 0.294117647059
60 0 49 gather_reward 1030.87719298 3000.0 2006.58823529 1030.87719298 6000.0 11200.0 94600.0 0 0.670588235294 0.0117647058824 0.0117647058824 0.0117647058824 0.294117647059
61 0 46 go_charge 1049.82142857 3000.0 2006.94117647 1049.82142857 6000.0 11200.0 94600.0 0 0.658823529412 0.0117647058824 0.0117647058824 0.0117647058824 0.305882352941
62 1 51 stay_charging 972.321428571 3000.0 1955.88235294 972.321428571 6000.0 11200.0 94600.0 0 0.658823529412 0.0117647058824 0.0117647058824 0.0117647058824 0.305882352941
63 1 57 stay_charging 1041.27272727 3000.0 1989.05882353 1041.27272727 6000.0 11200.0 94600.0 0 0.647058823529 0.0117647058824 0.0117647058824 0.0117647058824 0.317647058824
64 1 64 gather_reward 3213.33333333 3000.0 4779.52941176 29400.0 37600.0 46200.0 18900.0 3213.33333333 10060.0 0 0.0117647058824 0.0117647058824 0.0117647058824 0.0235294117647 0.529411764706 0.129411764706 0.282352941176
65 0 61 gather_reward 3344.18604651 3000.0 4765.76470588 3344.18604651 10590.8333333 29400.0 37600.0 21000.0 46200.0 0 0.505882352941 0.141176470588 0.0117647058824 0.0117647058824 0.0117647058824 0.0117647058824 0.305882352941
66 0 58 go_charge 0.0 0.0 4249.29411765 4687.64705882 14750.0 29400.0 37710.0 46200.0 0 0.4 0.0705882352941 0.0117647058824 0.0117647058824 0.0117647058824 0.494117647059
67 1 63 stay_charging 0.0 0.0 4246.70588235 33510.0 46200.0 18900.0 5525.0 0 0.0235294117647 0.0117647058824 0.0235294117647 0.447058823529 0.494117647059
68 1 70 stay_charging 0.0 0.0 4841.52941176 13746.6666667 4509.18918919 26133.3333333 41905.0 0 0.0705882352941 0.435294117647 0.0352941176471 0.0235294117647 0.435294117647
69 1 76 gather_reward 6681.09756098 9600.0 8978.17647059 6681.09756098 23291.0 40736.6666667 57900.0 76200.0 0 0.482352941176 0.117647058824 0.0352941176471 0.0117647058824 0.0117647058824 0.341176470588
70 0 73 gather_reward 7460.02325581 10200.0 10592.4 7460.02325581 24403.0 43006.6666667 63061.5 80400.0 0 0.505882352941 0.117647058824 0.0352941176471 0.0235294117647 0.0117647058824 0.305882352941
71 0 71 gather_reward 7047.0 9600.0 9997.03529412 7047.0 23036.4 41936.6666667 60700.0 76200.0 0 0.494117647059 0.117647058824 0.0352941176471 0.0235294117647 0.0117647058824 0.317647058824
72 0 69 gather_reward 6712.69767442 9100.0 9627.43529412 6712.69767442 21665.4 67901.0 44307.5 0 0.505882352941 0.117647058824 0.0235294117647 0.0470588235294 0.305882352941
73 0 66 gather_reward 6768.41860465 9600.0 9654.96470588 6768.41860465 21682.0 67900.0 44252.5 0 0.505882352941 0.117647058824 0.0235294117647 0.0470588235294 0.305882352941
74 0 64 gather_reward 9579.66666667 13600.0 10966.8352941 9579.66666667 41704.5 62933.3333333 88000.0 0 0.6 0.0470588235294 0.0352941176471 0.0117647058824 0.305882352941
75 0 61 gather_reward 9789.64150943 9700.0 11571.4235294 9789.64150943 67900.0 41173.3333333 205400.0 0 0.623529411765 0.0235294117647 0.0352941176471 0.0117647058824 0.305882352941
76 0 59 gather_reward 3548.39215686 9700.0 6464.32941176 30033.3333333 3548.39215686 72000.0 206400.0 0 0.0352941176471 0.6 0.0117647058824 0.0117647058824 0.341176470588
77 0 56 gather_reward 3774.46 9700.0 6571.29411765 30479.0 3774.46 72000.0 206400.0 0 0.0352941176471 0.588235294118 0.0117647058824 0.0117647058824 0.352941176471
78 0 54 gather_reward 3780.86 9700.0 6569.91764706 30000.0 3780.86 72000.0 207400.0 0 0.0352941176471 0.588235294118 0.0117647058824 0.0117647058824 0.352941176471
79 0 51 gather_reward 16738.1666667 13100.0 5410.92941176 1133.44736842 16738.1666667 60000.0 156000.0 0 0.447058823529 0.141176470588 0.0117647058824 0.0117647058824 0.388235294118
80 0 48 gather_reward 5673.0 13000.0 6465.10588235 5673.0 41211.0 60000.0 159000.0 0 0.6 0.0117647058824 0.0117647058824 0.0117647058824 0.364705882353
81 0 45 gather_reward 5905.23529412 13500.0 6835.31764706 59749.5 5905.23529412 160336.0 0 0.0235294117647 0.6 0.0117647058824 0.364705882353
82 0 42 gather_reward 7520.8 17500.0 9856.94117647 82092.0 7520.8 36291.6666667 188741.0 0 0.0235294117647 0.588235294118 0.0352941176471 0.0117647058824 0.341176470588
83 0 39 gather_reward 6957.36734694 13800.0 7718.81176471 26709.5 6957.36734694 57654.0 93042.0 0 0.0470588235294 0.576470588235 0.0235294117647 0.0117647058824 0.341176470588
84 0 36 go_charge 4801.875 13700.0 6899.18823529 24340.25 4801.875 57539.3333333 85962.0 0 0.0470588235294 0.564705882353 0.0352941176471 0.0117647058824 0.341176470588
85 1 42 gather_reward 3890.5 13700.0 5838.17647059 59500.0 84200.0 3890.5 25050.0 40639.0 0 0.0235294117647 0.0117647058824 0.611764705882 0.0235294117647 0.0117647058824 0.317647058824
86 0 39 gather_reward 5459.14814815 13700.0 6792.07058824 5459.14814815 61537.3333333 97920.0 0 0.635294117647 0.0352941176471 0.0117647058824 0.317647058824
87 0 36 go_charge 3426.85714286 13700.0 6224.48235294 61853.0 47710.0 27626.8333333 3426.85714286 0 0.0235294117647 0.0117647058824 0.0705882352941 0.658823529412 0.235294117647
88 1 41 stay_charging 0.0 700.0 3965.64705882 1583.34693878 13400.0 46613.0 27005.3333333 71854.0 0 0.576470588235 0.0117647058824 0.0235294117647 0.0352941176471 0.0117647058824 0.341176470588
89 1 47 gather_reward 18948.5333333 23400.0 7999.01176471 1473.125 34202.0 18948.5333333 100587.0 55400.0 0 0.564705882353 0.0235294117647 0.176470588235 0.0235294117647 0.0117647058824 0.2
90 0 44 gather_reward 27426.5833333 23000.0 8006.0 104498.5 2686.67924528 27426.5833333 0 0.0235294117647 0.623529411765 0.141176470588 0.211764705882
91 0 41 gather_reward 23032.3636364 23000.0 7985.30588235 109402.5 2357.5 23032.3636364 42000.0 0 0.0235294117647 0.611764705882 0.129411764706 0.0235294117647 0.211764705882
92 0 38 gather_reward 19417.2 23000.0 7290.52941176 1133.82978723 19417.2 42000.0 74807.0 116340.0 0 0.552941176471 0.176470588235 0.0235294117647 0.0117647058824 0.0117647058824 0.223529411765
93 0 35 gather_reward 19328.8571429 23000.0 6645.78823529 44945.0 935.413043478 19328.8571429 116424.0 0 0.0352941176471 0.541176470588 0.164705882353 0.0117647058824 0.247058823529
94 0 32 go_charge 20339.1538462 23000.0 6138.65882353 39000.0 52200.0 1111.48888889 20339.1538462 116160.0 0 0.0117647058824 0.0117647058824 0.529411764706 0.152941176471 0.0117647058824 0.282352941176
95 1 38 gather_reward 19507.4285714 23000.0 6065.44705882 48100.0 765.930232558 19507.4285714 113324.0 0 0.0235294117647 0.505882352941 0.164705882353 0.0117647058824 0.294117647059
96 0 35 gather_reward 50000.0 53000.0 4861.38823529 610.577777778 18438.6153846 50000.0 96040.0 0 0.529411764706 0.152941176471 0.0117647058824 0.0117647058824 0.294117647059
97 0 32 go_charge 50000.0 63000.0 2001.92941176 43180.0 50000.0 1021.45454545 6090.0 14714.0 0 0.0117647058824 0.0117647058824 0.647058823529 0.0117647058824 0.0117647058824 0.305882352941
98 1 38 gather_reward 20000.0 73000.0 1083.89411765 381.627906977 3000.0 5573.66666667 20000.0 0 0.505882352941 0.152941176471 0.0352941176471 0.0117647058824 0.294117647059
99 0 35 gather_reward 20000.0 43000.0 1028.75294118 3010.4 369.090909091 6048.0 20000.0 0 0.176470588235 0.517647058824 0.0117647058824 0.0117647058824 0.282352941176
100 0 32 go_charge 9100.0 13000.0 2405.91764706 17962.0 1138.22807018 9100.0 94600.0 0 0.0235294117647 0.670588235294 0.0117647058824 0.0117647058824 0.282352941176
101 1 38 stay_charging 1096.03508772 3000.0 2364.82352941 1096.03508772 11968.0 20000.0 94600.0 0 0.670588235294 0.0235294117647 0.0117647058824 0.0117647058824 0.282352941176
102 1 45 gather_reward 12100.0 13000.0 2291.05882353 1173.10344828 12100.0 20000.0 94600.0 0 0.682352941176 0.0117647058824 0.0117647058824 0.0117647058824 0.282352941176
103 0 42 gather_reward 12100.0 13000.0 2105.07058824 1289.83928571 12100.0 94600.0 0 0.658823529412 0.0117647058824 0.0117647058824 0.317647058824
104 0 39 go_charge 877.346153846 3000.0 2209.4 877.346153846 6796.71428571 94600.0 0 0.611764705882 0.0823529411765 0.0117647058824 0.294117647059
105 1 45 stay_charging 1028.59649123 3000.0 1987.41176471 1028.59649123 7850.0 94600.0 0 0.670588235294 0.0235294117647 0.0117647058824 0.294117647059
106 1 52 stay_charging 1028.59649123 3000.0 1998.0 1028.59649123 8300.0 94600.0 0 0.670588235294 0.0235294117647 0.0117647058824 0.294117647059
107 1 59 gather_reward 1026.66666667 3000.0 2003.76470588 1026.66666667 6000.0 11200.0 94600.0 0 0.670588235294 0.0117647058824 0.0117647058824 0.0117647058824 0.294117647059
108 0 56 gather_reward 1030.87719298 3000.0 2006.58823529 1030.87719298 6000.0 11200.0 94600.0 0 0.670588235294 0.0117647058824 0.0117647058824 0.0117647058824 0.294117647059
109 0 53 gather_reward 1049.82142857 3000.0 2006.94117647 1049.82142857 6000.0 11200.0 94600.0 0 0.658823529412 0.0117647058824 0.0117647058824 0.0117647058824 0.305882352941
110 0 50 go_charge 972.321428571 3000.0 1955.88235294 972.321428571 6000.0 11200.0 94600.0 0 0.658823529412 0.0117647058824 0.0117647058824 0.0117647058824 0.305882352941
111 1 56 stay_charging 1041.27272727 3000.0 1989.05882353 1041.27272727 6000.0 11200.0 94600.0 0 0.647058823529 0.0117647058824 0.0117647058824 0.0117647058824 0.317647058824
112 1 63 gather_reward 3213.33333333 3000.0 4779.52941176 29400.0 37600.0 46200.0 18900.0 3213.33333333 10060.0 0 0.0117647058824 0.0117647058824 0.0117647058824 0.0235294117647 0.529411764706 0.129411764706 0.282352941176
113 0 60 gather_reward 3344.18604651 3000.0 4765.76470588 3344.18604651 10590.8333333 29400.0 37600.0 21000.0 46200.0 0 0.505882352941 0.141176470588 0.0117647058824 0.0117647058824 0.0117647058824 0.0117647058824 0.305882352941
114 0 58 go_charge 0.0 0.0 4249.29411765 4687.64705882 14750.0 29400.0 37710.0 46200.0 0 0.4 0.0705882352941 0.0117647058824 0.0117647058824 0.0117647058824 0.494117647059
115 1 64 stay_charging 0.0 0.0 4246.70588235 33510.0 46200.0 18900.0 5525.0 0 0.0235294117647 0.0117647058824 0.0235294117647 0.447058823529 0.494117647059
116 1 71 stay_charging 0.0 600.0 4841.52941176 13746.6666667 4509.18918919 26133.3333333 41905.0 0 0.0705882352941 0.435294117647 0.0352941176471 0.0235294117647 0.435294117647
117 1 78 gather_reward 6681.09756098 9900.0 8978.17647059 6681.09756098 23291.0 40736.6666667 57900.0 76200.0 0 0.482352941176 0.117647058824 0.0352941176471 0.0117647058824 0.0117647058824 0.341176470588
118 0 76 gather_reward 7460.02325581 10600.0 10592.4 7460.02325581 24403.0 43006.6666667 63061.5 80400.0 0 0.505882352941 0.117647058824 0.0352941176471 0.0235294117647 0.0117647058824 0.305882352941
119 0 74 gather_reward 7047.0 10300.0 9997.03529412 7047.0 23036.4 41936.6666667 60700.0 76200.0 0 0.494117647059 0.117647058824 0.0352941176471 0.0235294117647 0.0117647058824 0.317647058824
120 0 71 gather_reward 6712.69767442 9700.0 9627.43529412 6712.69767442 21665.4 67901.0 44307.5 0 0.505882352941 0.117647058824 0.0235294117647 0.0470588235294 0.305882352941
121 0 69 gather_reward 6768.41860465 9700.0 9654.96470588 6768.41860465 21682.0 67900.0 44252.5 0 0.505882352941 0.117647058824 0.0235294117647 0.0470588235294 0.305882352941
122 0 66 gather_reward 9579.66666667 13600.0 10966.8352941 9579.66666667 41704.5 62933.3333333 88000.0 0 0.6 0.0470588235294 0.0352941176471 0.0117647058824 0.305882352941
123 0 63 gather_reward 9789.64150943 9700.0 11571.4235294 9789.64150943 67900.0 41173.3333333 205400.0 0 0.623529411765 0.0235294117647 0.0352941176471 0.0117647058824 0.305882352941
124 0 60 gather_reward 3548.39215686 9700.0 6464.32941176 30033.3333333 3548.39215686 72000.0 206400.0 0 0.0352941176471 0.6 0.0117647058824 0.0117647058824 0.341176470588
125 0 58 gather_reward 3774.46 9700.0 6571.29411765 30479.0 3774.46 72000.0 206400.0 0 0.0352941176471 0.588235294118 0.0117647058824 0.0117647058824 0.352941176471
126 0 55 gather_reward 3780.86 9700.0 6569.91764706 30000.0 3780.86 72000.0 207400.0 0 0.0352941176471 0.588235294118 0.0117647058824 0.0117647058824 0.352941176471
127 0 52 gather_reward 16738.1666667 13100.0 5410.92941176 1133.44736842 16738.1666667 60000.0 156000.0 0 0.447058823529 0.141176470588 0.0117647058824 0.0117647058824 0.388235294118
128 0 49 gather_reward 5673.0 13000.0 6465.10588235 5673.0 41211.0 60000.0 159000.0 0 0.6 0.0117647058824 0.0117647058824 0.0117647058824 0.364705882353
129 0 46 gather_reward 5905.23529412 13500.0 6835.31764706 59749.5 5905.23529412 160336.0 0 0.0235294117647 0.6 0.0117647058824 0.364705882353
130 0 43 go_charge 7520.8 17200.0 9856.94117647 82092.0 7520.8 36291.6666667 188741.0 0 0.0235294117647 0.588235294118 0.0352941176471 0.0117647058824 0.341176470588
131 1 49 gather_reward 6957.36734694 15372.0 7718.81176471 26709.5 6957.36734694 57654.0 93042.0 0 0.0470588235294 0.576470588235 0.0235294117647 0.0117647058824 0.341176470588
132 0 46 gather_reward 24340.25 19993.0 6899.18823529 24340.25 4801.875 57539.3333333 85962.0 0 0.0470588235294 0.564705882353 0.0352941176471 0.0117647058824 0.341176470588
133 0 43 gather_reward 25050.0 25989.0 5838.17647059 59500.0 84200.0 3890.5 25050.0 40639.0 0 0.0235294117647 0.0117647058824 0.611764705882 0.0235294117647 0.0117647058824 0.317647058824
134 0 40 gather_reward 5459.14814815 15946.0 6792.07058824 5459.14814815 61537.3333333 97920.0 0 0.635294117647 0.0352941176471 0.0117647058824 0.317647058824
135 0 37 gather_reward 27626.8333333 18645.0 6224.48235294 61853.0 47710.0 27626.8333333 3426.85714286 0 0.0235294117647 0.0117647058824 0.0705882352941 0.658823529412 0.235294117647
136 0 34 go_charge 1583.34693878 6393.0 3965.64705882 1583.34693878 13400.0 46613.0 27005.3333333 71854.0 0 0.576470588235 0.0117647058824 0.0235294117647 0.0352941176471 0.0117647058824 0.341176470588
137 1 40 stay_charging 1473.125 4158.0 7999.01176471 1473.125 34202.0 18948.5333333 100587.0 55400.0 0 0.564705882353 0.0235294117647 0.176470588235 0.0235294117647 0.0117647058824 0.2
138 1 46 gather_reward 2686.67924528 5052.0 8006.0 104498.5 2686.67924528 27426.5833333 0 0.0235294117647 0.623529411765 0.141176470588 0.211764705882
139 0 43 gather_reward 2357.5 5150.0 7985.30588235 109402.5 2357.5 23032.3636364 42000.0 0 0.0235294117647 0.611764705882 0.129411764706 0.0235294117647 0.211764705882
140 0 41 gather_reward 1133.82978723 4892.0 7290.52941176 1133.82978723 19417.2 42000.0 74807.0 116340.0 0 0.552941176471 0.176470588235 0.0235294117647 0.0117647058824 0.0117647058824 0.223529411765
141 0 38 go_charge 935.413043478 4944.0 6645.78823529 44945.0 935.413043478 19328.8571429 116424.0 0 0.0352941176471 0.541176470588 0.164705882353 0.0117647058824 0.247058823529
142 1 44 gather_reward 1111.48888889 4776.0 6138.65882353 39000.0 52200.0 1111.48888889 20339.1538462 116160.0 0 0.0117647058824 0.0117647058824 0.529411764706 0.152941176471 0.0117647058824 0.282352941176
143 0 42 go_charge 765.930232558 3204.0 6065.44705882 48100.0 765.930232558 19507.4285714 113324.0 0 0.0235294117647 0.505882352941 0.164705882353 0.0117647058824 0.294117647059
