time battery charging  action  match_reward actual_reward exp_reward clusters probs
0 34 0 go_charge 50000.0 34710.0 4861.38823529 610.577777778 18438.6153846 50000.0 96040.0 0 0.529411764706 0.152941176471 0.0117647058824 0.0117647058824 0.294117647059 
1 40 1 gather_reward 14714.0 14718.0 2001.92941176 43180.0 50000.0 1021.45454545 6090.0 14714.0 0 0.0117647058824 0.0117647058824 0.647058823529 0.0117647058824 0.0117647058824 0.305882352941 
2 37 0 go_charge 5573.66666667 4686.0 1083.89411765 381.627906977 3000.0 5573.66666667 20000.0 0 0.505882352941 0.152941176471 0.0352941176471 0.0117647058824 0.294117647059 
3 43 1 gather_reward 3010.4 3030.0 1028.75294118 3010.4 369.090909091 6048.0 20000.0 0 0.176470588235 0.517647058824 0.0117647058824 0.0117647058824 0.282352941176 
4 40 0 gather_reward 1138.22807018 3014.0 2405.91764706 17962.0 1138.22807018 9100.0 94600.0 0 0.0235294117647 0.670588235294 0.0117647058824 0.0117647058824 0.282352941176 
5 37 0 go_charge 1096.03508772 4670.0 2364.82352941 1096.03508772 11968.0 20000.0 94600.0 0 0.670588235294 0.0235294117647 0.0117647058824 0.0117647058824 0.282352941176 
6 43 1 gather_reward 1173.10344828 4658.0 2291.05882353 1173.10344828 12100.0 20000.0 94600.0 0 0.682352941176 0.0117647058824 0.0117647058824 0.0117647058824 0.282352941176 
7 40 0 gather_reward 1289.83928571 3000.0 2105.07058824 1289.83928571 12100.0 94600.0 0 0.658823529412 0.0117647058824 0.0117647058824 0.317647058824 
8 37 0 go_charge 877.346153846 3000.0 2209.4 877.346153846 6796.71428571 94600.0 0 0.611764705882 0.0823529411765 0.0117647058824 0.294117647059 
9 43 1 gather_reward 1028.59649123 3000.0 1987.41176471 1028.59649123 7850.0 94600.0 0 0.670588235294 0.0235294117647 0.0117647058824 0.294117647059 
10 40 0 gather_reward 1028.59649123 3000.0 1998.0 1028.59649123 8300.0 94600.0 0 0.670588235294 0.0235294117647 0.0117647058824 0.294117647059 
11 37 0 go_charge 1026.66666667 3000.0 2003.76470588 1026.66666667 6000.0 11200.0 94600.0 0 0.670588235294 0.0117647058824 0.0117647058824 0.0117647058824 0.294117647059 
12 43 1 gather_reward 1030.87719298 3000.0 2006.58823529 1030.87719298 6000.0 11200.0 94600.0 0 0.670588235294 0.0117647058824 0.0117647058824 0.0117647058824 0.294117647059 
13 40 0 gather_reward 1049.82142857 3000.0 2006.94117647 1049.82142857 6000.0 11200.0 94600.0 0 0.658823529412 0.0117647058824 0.0117647058824 0.0117647058824 0.305882352941 
14 37 0 go_charge 972.321428571 3000.0 1955.88235294 972.321428571 6000.0 11200.0 94600.0 0 0.658823529412 0.0117647058824 0.0117647058824 0.0117647058824 0.305882352941 
15 43 1 gather_reward 1041.27272727 3000.0 1989.05882353 1041.27272727 6000.0 11200.0 94600.0 0 0.647058823529 0.0117647058824 0.0117647058824 0.0117647058824 0.317647058824 
16 40 0 gather_reward 3213.33333333 3000.0 4779.52941176 29400.0 37600.0 46200.0 18900.0 3213.33333333 10060.0 0 0.0117647058824 0.0117647058824 0.0117647058824 0.0235294117647 0.529411764706 0.129411764706 0.282352941176 
17 37 0 go_charge 3344.18604651 3000.0 4765.76470588 3344.18604651 10590.8333333 29400.0 37600.0 21000.0 46200.0 0 0.505882352941 0.141176470588 0.0117647058824 0.0117647058824 0.0117647058824 0.0117647058824 0.305882352941 
18 43 1 gather_reward 0.0 0.0 4249.29411765 4687.64705882 14750.0 29400.0 37710.0 46200.0 0 0.4 0.0705882352941 0.0117647058824 0.0117647058824 0.0117647058824 0.494117647059 
19 40 0 gather_reward 0.0 0.0 4246.70588235 33510.0 46200.0 18900.0 5525.0 0 0.0235294117647 0.0117647058824 0.0235294117647 0.447058823529 0.494117647059 
20 37 0 go_charge 0.0 0.0 4841.52941176 13746.6666667 4509.18918919 26133.3333333 41905.0 0 0.0705882352941 0.435294117647 0.0352941176471 0.0235294117647 0.435294117647 
21 43 1 gather_reward 6681.09756098 9600.0 8978.17647059 6681.09756098 23291.0 40736.6666667 57900.0 76200.0 0 0.482352941176 0.117647058824 0.0352941176471 0.0117647058824 0.0117647058824 0.341176470588 
22 40 0 go_charge 7460.02325581 10200.0 10592.4 7460.02325581 24403.0 43006.6666667 63061.5 80400.0 0 0.505882352941 0.117647058824 0.0352941176471 0.0235294117647 0.0117647058824 0.305882352941 
23 46 1 gather_reward 7047.0 9600.0 9997.03529412 7047.0 23036.4 41936.6666667 60700.0 76200.0 0 0.494117647059 0.117647058824 0.0352941176471 0.0235294117647 0.0117647058824 0.317647058824 
24 43 0 go_charge 6712.69767442 9100.0 9627.43529412 6712.69767442 21665.4 67901.0 44307.5 0 0.505882352941 0.117647058824 0.0235294117647 0.0470588235294 0.305882352941 
25 49 1 gather_reward 6768.41860465 9600.0 9654.96470588 6768.41860465 21682.0 67900.0 44252.5 0 0.505882352941 0.117647058824 0.0235294117647 0.0470588235294 0.305882352941 
26 46 0 gather_reward 9579.66666667 13600.0 10966.8352941 9579.66666667 41704.5 62933.3333333 88000.0 0 0.6 0.0470588235294 0.0352941176471 0.0117647058824 0.305882352941 
27 43 0 go_charge 9789.64150943 9700.0 11571.4235294 9789.64150943 67900.0 41173.3333333 205400.0 0 0.623529411765 0.0235294117647 0.0352941176471 0.0117647058824 0.305882352941 
28 49 1 gather_reward 3548.39215686 9700.0 6464.32941176 30033.3333333 3548.39215686 72000.0 206400.0 0 0.0352941176471 0.6 0.0117647058824 0.0117647058824 0.341176470588 
29 46 0 gather_reward 3774.46 9700.0 6571.29411765 30479.0 3774.46 72000.0 206400.0 0 0.0352941176471 0.588235294118 0.0117647058824 0.0117647058824 0.352941176471 
30 43 0 go_charge 3780.86 9700.0 6569.91764706 30000.0 3780.86 72000.0 207400.0 0 0.0352941176471 0.588235294118 0.0117647058824 0.0117647058824 0.352941176471 
31 49 1 gather_reward 16738.1666667 13100.0 5410.92941176 1133.44736842 16738.1666667 60000.0 156000.0 0 0.447058823529 0.141176470588 0.0117647058824 0.0117647058824 0.388235294118 
32 46 0 gather_reward 5673.0 13000.0 6465.10588235 5673.0 41211.0 60000.0 159000.0 0 0.6 0.0117647058824 0.0117647058824 0.0117647058824 0.364705882353 
33 43 0 go_charge 5905.23529412 13500.0 6835.31764706 59749.5 5905.23529412 160336.0 0 0.0235294117647 0.6 0.0117647058824 0.364705882353 
34 49 1 gather_reward 7520.8 17500.0 9856.94117647 82092.0 7520.8 36291.6666667 188741.0 0 0.0235294117647 0.588235294118 0.0352941176471 0.0117647058824 0.341176470588 
35 46 0 gather_reward 6957.36734694 13800.0 7718.81176471 26709.5 6957.36734694 57654.0 93042.0 0 0.0470588235294 0.576470588235 0.0235294117647 0.0117647058824 0.341176470588 
36 43 0 go_charge 4801.875 13700.0 6899.18823529 24340.25 4801.875 57539.3333333 85962.0 0 0.0470588235294 0.564705882353 0.0352941176471 0.0117647058824 0.341176470588 
37 49 1 gather_reward 3890.5 13700.0 5838.17647059 59500.0 84200.0 3890.5 25050.0 40639.0 0 0.0235294117647 0.0117647058824 0.611764705882 0.0235294117647 0.0117647058824 0.317647058824 
38 46 0 gather_reward 5459.14814815 13700.0 6792.07058824 5459.14814815 61537.3333333 97920.0 0 0.635294117647 0.0352941176471 0.0117647058824 0.317647058824 
39 43 0 go_charge 3426.85714286 13700.0 6224.48235294 61853.0 47710.0 27626.8333333 3426.85714286 0 0.0235294117647 0.0117647058824 0.0705882352941 0.658823529412 0.235294117647 
40 49 1 gather_reward 0.0 700.0 3965.64705882 1583.34693878 13400.0 46613.0 27005.3333333 71854.0 0 0.576470588235 0.0117647058824 0.0235294117647 0.0352941176471 0.0117647058824 0.341176470588 
41 46 0 gather_reward 18948.5333333 23400.0 7999.01176471 1473.125 34202.0 18948.5333333 100587.0 55400.0 0 0.564705882353 0.0235294117647 0.176470588235 0.0235294117647 0.0117647058824 0.2 
42 43 0 go_charge 27426.5833333 23000.0 8006.0 104498.5 2686.67924528 27426.5833333 0 0.0235294117647 0.623529411765 0.141176470588 0.211764705882 
43 49 1 stay_charging 23032.3636364 23000.0 7985.30588235 109402.5 2357.5 23032.3636364 42000.0 0 0.0235294117647 0.611764705882 0.129411764706 0.0235294117647 0.211764705882 
44 55 1 gather_reward 19417.2 23000.0 7290.52941176 1133.82978723 19417.2 42000.0 74807.0 116340.0 0 0.552941176471 0.176470588235 0.0235294117647 0.0117647058824 0.0117647058824 0.223529411765 
45 52 0 gather_reward 19328.8571429 23000.0 6645.78823529 44945.0 935.413043478 19328.8571429 116424.0 0 0.0352941176471 0.541176470588 0.164705882353 0.0117647058824 0.247058823529 
46 49 0 go_charge 20339.1538462 23000.0 6138.65882353 39000.0 52200.0 1111.48888889 20339.1538462 116160.0 0 0.0117647058824 0.0117647058824 0.529411764706 0.152941176471 0.0117647058824 0.282352941176 
47 55 1 gather_reward 19507.4285714 23000.0 6065.44705882 48100.0 765.930232558 19507.4285714 113324.0 0 0.0235294117647 0.505882352941 0.164705882353 0.0117647058824 0.294117647059 
