time charging battery action matched_reward actual_reward exp_reward  cluster_vals prob_vals
0 1 70 stay_charging 6236.90410959 5852.0 18766.9173554 6236.90410959 57508.4705882 100469.571429 134572.0 0 0.603305785124 0.140495867769 0.0578512396694 0.00826446280992 0.190082644628
1 1 73 stay_charging 5962.875 6114.0 18092.6942149 136073.0 186661.0 5962.875 76534.2352941 0 0.0165289256198 0.00826446280992 0.595041322314 0.140495867769 0.239669421488
2 1 76 gather_reward 45683.1666667 40326.0 18742.7190083 206555.0 162695.0 93219.0714286 45683.1666667 4697.83823529 0 0.00826446280992 0.00826446280992 0.115702479339 0.0495867768595 0.561983471074 0.256198347107
3 0 71 gather_reward 162566.16 141830.0 38504.4132231 9594.83870968 162566.16 0 0.512396694215 0.206611570248 0.280991735537
4 0 66 gather_reward 148173.684211 110979.0 39734.9421488 9909.38333333 233010.833333 148173.684211 0 0.495867768595 0.0495867768595 0.157024793388 0.297520661157
5 0 61 go_charge 4395.85245902 11512.0 21444.7768595 4395.85245902 75998.0769231 124187.777778 221006.0 0 0.504132231405 0.107438016529 0.0743801652893 0.00826446280992 0.305785123967
6 1 62 stay_charging 5452.55932203 11431.0 22063.1735537 211675.0 5452.55932203 96229.65 0 0.0165289256198 0.487603305785 0.165289256198 0.330578512397
7 1 64 stay_charging 4454.85964912 9965.0 20462.2066116 4454.85964912 100875.55 204489.0 0 0.471074380165 0.165289256198 0.00826446280992 0.355371900826
8 1 66 stay_charging 4187.84210526 6309.0 20220.9834711 4187.84210526 61673.0 115506.933333 167063.0 0 0.471074380165 0.0413223140496 0.123966942149 0.00826446280992 0.355371900826
9 1 69 stay_charging 3883.87719298 7600.0 20284.5206612 3883.87719298 67406.8571429 121908.153846 176392.0 0 0.471074380165 0.0578512396694 0.107438016529 0.00826446280992 0.355371900826
10 1 72 stay_charging 6081.2 9027.0 21373.4545455 6081.2 123406.444444 0 0.495867768595 0.148760330579 0.355371900826
11 1 75 stay_charging 6027.57894737 7431.0 25690.2540984 6027.57894737 123924.388889 560000.0 0 0.467213114754 0.147540983607 0.00819672131148 0.377049180328
12 1 78 stay_charging 8904.7962963 56410.0 30238.1885246 8904.7962963 117769.727273 191273.3 0 0.44262295082 0.0901639344262 0.0819672131148 0.385245901639
13 1 81 gather_reward 102295.7 130235.0 40025.1803279 2255.13043478 102295.7 197704.157895 0 0.377049180328 0.0819672131148 0.155737704918 0.385245901639
14 0 76 gather_reward 97162.3333333 101275.0 40161.4344262 274733.5 185972.611111 97162.3333333 2728.93617021 0 0.016393442623 0.147540983607 0.0737704918033 0.385245901639 0.377049180328
15 0 71 gather_reward 120825.933333 104242.0 41051.6311475 3131.91666667 120825.933333 234275.230769 0 0.393442622951 0.122950819672 0.106557377049 0.377049180328
16 0 66 gather_reward 171402.304348 137044.0 43166.0163934 6947.16326531 327863.333333 171402.304348 0 0.401639344262 0.0245901639344 0.188524590164 0.385245901639
17 0 61 gather_reward 136156.947368 129514.0 42545.442623 268599.0 3961.08510638 136156.947368 0 0.0737704918033 0.385245901639 0.155737704918 0.385245901639
18 0 56 gather_reward 106762.071429 119141.0 41629.1721311 229940.533333 2871.95744681 106762.071429 0 0.122950819672 0.385245901639 0.114754098361 0.377049180328
19 0 51 go_charge 14127.1698113 82938.0 42394.5 14127.1698113 173476.0625 274628.666667 0 0.434426229508 0.131147540984 0.0491803278689 0.385245901639
20 1 52 stay_charging 2544.0625 46283.0 42508.9754098 247392.181818 2544.0625 106484.818182 0 0.0901639344262 0.393442622951 0.180327868852 0.33606557377
21 1 54 gather_reward 163161.052632 128581.0 53547.7540984 331432.111111 8033.51785714 163161.052632 0 0.0737704918033 0.459016393443 0.155737704918 0.311475409836
22 0 49 gather_reward 284363.176471 258561.0 63638.2704918 4202.09433962 140769.416667 284363.176471 508875.5 0 0.434426229508 0.0983606557377 0.139344262295 0.016393442623 0.311475409836
23 0 44 gather_reward 184963.681818 228233.0 54426.0245902 7406.41935484 184963.681818 332884.0 447156.0 0 0.508196721311 0.180327868852 0.0409836065574 0.00819672131148 0.262295081967
24 0 39 gather_reward 134905.0 144600.0 42776.0245902 300437.333333 4579.88135593 134905.0 0 0.0245901639344 0.483606557377 0.245901639344 0.245901639344
25 0 34 go_charge 143034.681818 110263.0 38850.5737705 11587.3188406 264494.0 143034.681818 0 0.565573770492 0.0245901639344 0.180327868852 0.229508196721
26 1 36 stay_charging 108189.310345 105434.0 37236.7459016 218812.6 4864.53125 108189.310345 0 0.0409836065574 0.524590163934 0.237704918033 0.196721311475
27 1 39 gather_reward 171683.636364 147181.0 50684.0655738 7729.79104478 171683.636364 0 0.549180327869 0.270491803279 0.180327868852
28 0 34 go_charge 236715.72 186882.0 65383.8606557 4990.953125 124251.214286 236715.72 0 0.524590163934 0.114754098361 0.204918032787 0.155737704918
29 1 36 gather_reward 224020.973684 198280.0 72620.5655738 5337.10769231 224020.973684 0 0.532786885246 0.311475409836 0.155737704918
30 0 31 go_charge 218126.571429 232510.0 75399.1311475 6081.60606061 218126.571429 387626.0 0 0.540983606557 0.286885245902 0.0245901639344 0.147540983607
31 1 33 stay_charging 205532.314286 230802.0 69405.9180328 413175.5 6679.70149254 205532.314286 0 0.016393442623 0.549180327869 0.286885245902 0.147540983607
32 1 36 gather_reward 96104.2903226 107584.0 40534.057377 3880.6875 96104.2903226 189014.833333 256601.0 326868.0 0 0.524590163934 0.254098360656 0.0491803278689 0.00819672131148 0.00819672131148 0.155737704918
33 0 31 go_charge 8071.11650485 6762.0 12958.6803279 87809.5 114341.75 38882.6666667 8071.11650485 0 0.016393442623 0.0327868852459 0.0245901639344 0.844262295082 0.0819672131148
34 1 33 stay_charging 7532.45794393 11772.0 12079.9098361 34444.6666667 7532.45794393 118453.0 90630.0 0 0.0245901639344 0.877049180328 0.0327868852459 0.00819672131148 0.0573770491803
35 1 36 stay_charging 7178.94174757 10438.0 13645.7868852 38872.0 7178.94174757 70967.5 107422.6 168563.0 0 0.016393442623 0.844262295082 0.016393442623 0.0409836065574 0.00819672131148 0.0737704918033
36 1 39 stay_charging 8294.9009901 12443.0 13795.4672131 111693.5 43775.25 8294.9009901 0 0.0491803278689 0.0327868852459 0.827868852459 0.0901639344262
37 1 42 stay_charging 59257.5 55482.0 26780.5163934 5262.19444444 59257.5 192274.0 123509.0 0 0.590163934426 0.295081967213 0.016393442623 0.0245901639344 0.0737704918033
38 1 45 gather_reward 106196.475 95241.0 46500.5819672 255907.0 5577.55555556 106196.475 0 0.0327868852459 0.590163934426 0.327868852459 0.0491803278689
39 0 40 gather_reward 187232.625 167227.0 63072.6803279 14969.6385542 187232.625 460943.0 0 0.680327868852 0.262295081967 0.00819672131148 0.0491803278689
40 0 35 go_charge 210962.742857 268215.0 73263.9508197 8803.25641026 210962.742857 339053.0 528799.0 0 0.639344262295 0.286885245902 0.00819672131148 0.00819672131148 0.0573770491803
41 1 37 gather_reward 258197.285714 223137.0 59615.6557377 4203.94285714 258197.285714 143651.472222 0 0.573770491803 0.0573770491803 0.295081967213 0.0737704918033
42 0 32 go_charge 129502.954545 115904.0 47207.4344262 12536.775 129502.954545 211922.222222 0 0.655737704918 0.180327868852 0.0737704918033 0.0901639344262
43 1 34 stay_charging 11529.9425287 47446.0 34988.0737705 238383.0 11529.9425287 116194.75 0 0.016393442623 0.713114754098 0.196721311475 0.0737704918033
44 1 37 stay_charging 8411.33333333 13022.0 20913.2540984 227150.5 8411.33333333 120739.666667 75221.3076923 0 0.016393442623 0.737704918033 0.0245901639344 0.106557377049 0.114754098361
45 1 40 gather_reward 60302.1666667 45989.0 21908.9754098 217173.5 7611.82758621 60302.1666667 106586.625 0 0.016393442623 0.713114754098 0.0983606557377 0.0655737704918 0.106557377049
46 0 35 go_charge 9448.16666667 43753.0 20489.7459016 9448.16666667 115596.5 82843.8666667 175563.0 0 0.737704918033 0.016393442623 0.122950819672 0.00819672131148 0.114754098361
47 1 37 stay_charging 7290.57692308 9158.0 20427.6885246 7290.57692308 57531.0 98776.0 162891.0 0 0.639344262295 0.0819672131148 0.0983606557377 0.00819672131148 0.172131147541
48 1 40 stay_charging 0.0 0.0 18766.9173554 6236.90410959 57508.4705882 100469.571429 134572.0 0 0.603305785124 0.140495867769 0.0578512396694 0.00826446280992 0.190082644628
49 1 43 stay_charging 0.0 0.0 18092.6942149 136073.0 186661.0 5962.875 76534.2352941 0 0.0165289256198 0.00826446280992 0.595041322314 0.140495867769 0.239669421488
50 1 46 stay_charging 0.0 0.0 18742.7190083 206555.0 162695.0 93219.0714286 45683.1666667 4697.83823529 0 0.00826446280992 0.00826446280992 0.115702479339 0.0495867768595 0.561983471074 0.256198347107
51 1 48 stay_charging 0.0 0.0 38504.4132231 9594.83870968 162566.16 0 0.512396694215 0.206611570248 0.280991735537
52 1 50 stay_charging 0.0 0.0 39734.9421488 9909.38333333 233010.833333 148173.684211 0 0.495867768595 0.0495867768595 0.157024793388 0.297520661157
53 1 52 stay_charging 0.0 0.0 21444.7768595 4395.85245902 75998.0769231 124187.777778 221006.0 0 0.504132231405 0.107438016529 0.0743801652893 0.00826446280992 0.305785123967
54 1 54 stay_charging 0.0 0.0 22063.1735537 211675.0 5452.55932203 96229.65 0 0.0165289256198 0.487603305785 0.165289256198 0.330578512397
55 1 56 stay_charging 0.0 0.0 20462.2066116 4454.85964912 100875.55 204489.0 0 0.471074380165 0.165289256198 0.00826446280992 0.355371900826
56 1 58 stay_charging 0.0 0.0 20220.9834711 4187.84210526 61673.0 115506.933333 167063.0 0 0.471074380165 0.0413223140496 0.123966942149 0.00826446280992 0.355371900826
57 1 60 stay_charging 0.0 0.0 20284.5206612 3883.87719298 67406.8571429 121908.153846 176392.0 0 0.471074380165 0.0578512396694 0.107438016529 0.00826446280992 0.355371900826
58 1 62 stay_charging 0.0 0.0 21373.4545455 6081.2 123406.444444 0 0.495867768595 0.148760330579 0.355371900826
59 1 64 stay_charging 0.0 0.0 25690.2540984 6027.57894737 123924.388889 560000.0 0 0.467213114754 0.147540983607 0.00819672131148 0.377049180328
60 1 66 stay_charging 0.0 0.0 30238.1885246 8904.7962963 117769.727273 191273.3 0 0.44262295082 0.0901639344262 0.0819672131148 0.385245901639
61 1 69 stay_charging 0.0 0.0 40025.1803279 2255.13043478 102295.7 197704.157895 0 0.377049180328 0.0819672131148 0.155737704918 0.385245901639
62 1 72 stay_charging 0.0 0.0 40161.4344262 274733.5 185972.611111 97162.3333333 2728.93617021 0 0.016393442623 0.147540983607 0.0737704918033 0.385245901639 0.377049180328
63 1 75 stay_charging 0.0 0.0 41051.6311475 3131.91666667 120825.933333 234275.230769 0 0.393442622951 0.122950819672 0.106557377049 0.377049180328
64 1 78 stay_charging 0.0 0.0 43166.0163934 6947.16326531 327863.333333 171402.304348 0 0.401639344262 0.0245901639344 0.188524590164 0.385245901639
65 1 81 stay_charging 0.0 0.0 42545.442623 268599.0 3961.08510638 136156.947368 0 0.0737704918033 0.385245901639 0.155737704918 0.385245901639
66 1 84 stay_charging 0.0 0.0 41629.1721311 229940.533333 2871.95744681 106762.071429 0 0.122950819672 0.385245901639 0.114754098361 0.377049180328
67 1 87 stay_charging 0.0 0.0 42394.5 14127.1698113 173476.0625 274628.666667 0 0.434426229508 0.131147540984 0.0491803278689 0.385245901639
68 1 90 stay_charging 0.0 0.0 42508.9754098 247392.181818 2544.0625 106484.818182 0 0.0901639344262 0.393442622951 0.180327868852 0.33606557377
69 1 93 stay_charging 0.0 0.0 53547.7540984 331432.111111 8033.51785714 163161.052632 0 0.0737704918033 0.459016393443 0.155737704918 0.311475409836
70 1 96 stay_charging 0.0 0.0 63638.2704918 4202.09433962 140769.416667 284363.176471 508875.5 0 0.434426229508 0.0983606557377 0.139344262295 0.016393442623 0.311475409836
71 1 99 stay_charging 0.0 0.0 54426.0245902 7406.41935484 184963.681818 332884.0 447156.0 0 0.508196721311 0.180327868852 0.0409836065574 0.00819672131148 0.262295081967
72 1 100 stay_charging 0.0 0.0 42776.0245902 300437.333333 4579.88135593 134905.0 0 0.0245901639344 0.483606557377 0.245901639344 0.245901639344
73 1 100 stay_charging 0.0 0.0 38850.5737705 11587.3188406 264494.0 143034.681818 0 0.565573770492 0.0245901639344 0.180327868852 0.229508196721
74 1 100 stay_charging 0.0 0.0 37236.7459016 218812.6 4864.53125 108189.310345 0 0.0409836065574 0.524590163934 0.237704918033 0.196721311475
75 1 100 stay_charging 0.0 0.0 50684.0655738 7729.79104478 171683.636364 0 0.549180327869 0.270491803279 0.180327868852
76 1 100 stay_charging 0.0 0.0 65383.8606557 4990.953125 124251.214286 236715.72 0 0.524590163934 0.114754098361 0.204918032787 0.155737704918
77 1 100 stay_charging 0.0 0.0 72620.5655738 5337.10769231 224020.973684 0 0.532786885246 0.311475409836 0.155737704918
78 1 100 stay_charging 0.0 0.0 75399.1311475 6081.60606061 218126.571429 387626.0 0 0.540983606557 0.286885245902 0.0245901639344 0.147540983607
79 1 100 stay_charging 0.0 0.0 69405.9180328 413175.5 6679.70149254 205532.314286 0 0.016393442623 0.549180327869 0.286885245902 0.147540983607
80 1 100 stay_charging 3880.6875 10344.0 40534.057377 3880.6875 96104.2903226 189014.833333 256601.0 326868.0 0 0.524590163934 0.254098360656 0.0491803278689 0.00819672131148 0.00819672131148 0.155737704918
81 1 100 gather_reward 8071.11650485 21061.0 12958.6803279 87809.5 114341.75 38882.6666667 8071.11650485 0 0.016393442623 0.0327868852459 0.0245901639344 0.844262295082 0.0819672131148
82 0 96 gather_reward 7532.45794393 16816.0 12079.9098361 34444.6666667 7532.45794393 118453.0 90630.0 0 0.0245901639344 0.877049180328 0.0327868852459 0.00819672131148 0.0573770491803
83 0 92 go_charge 7178.94174757 14922.0 13645.7868852 38872.0 7178.94174757 70967.5 107422.6 168563.0 0 0.016393442623 0.844262295082 0.016393442623 0.0409836065574 0.00819672131148 0.0737704918033
84 1 94 stay_charging 8294.9009901 19169.0 13795.4672131 111693.5 43775.25 8294.9009901 0 0.0491803278689 0.0327868852459 0.827868852459 0.0901639344262
85 1 97 gather_reward 59257.5 55244.0 26780.5163934 5262.19444444 59257.5 192274.0 123509.0 0 0.590163934426 0.295081967213 0.016393442623 0.0245901639344 0.0737704918033
86 0 93 gather_reward 106196.475 119013.0 46500.5819672 255907.0 5577.55555556 106196.475 0 0.0327868852459 0.590163934426 0.327868852459 0.0491803278689
87 0 89 gather_reward 187232.625 180027.0 63072.6803279 14969.6385542 187232.625 460943.0 0 0.680327868852 0.262295081967 0.00819672131148 0.0491803278689
88 0 84 gather_reward 210962.742857 205645.0 73263.9508197 8803.25641026 210962.742857 339053.0 528799.0 0 0.639344262295 0.286885245902 0.00819672131148 0.00819672131148 0.0573770491803
89 0 79 gather_reward 143651.472222 152305.0 59615.6557377 4203.94285714 258197.285714 143651.472222 0 0.573770491803 0.0573770491803 0.295081967213 0.0737704918033
90 0 74 gather_reward 129502.954545 102283.0 47207.4344262 12536.775 129502.954545 211922.222222 0 0.655737704918 0.180327868852 0.0737704918033 0.0901639344262
91 0 69 go_charge 11529.9425287 54312.0 34988.0737705 238383.0 11529.9425287 116194.75 0 0.016393442623 0.713114754098 0.196721311475 0.0737704918033
92 1 71 stay_charging 8411.33333333 9276.0 20913.2540984 227150.5 8411.33333333 120739.666667 75221.3076923 0 0.016393442623 0.737704918033 0.0245901639344 0.106557377049 0.114754098361
93 1 74 stay_charging 7611.82758621 11492.0 21908.9754098 217173.5 7611.82758621 60302.1666667 106586.625 0 0.016393442623 0.713114754098 0.0983606557377 0.0655737704918 0.106557377049
94 1 77 stay_charging 9448.16666667 12954.0 20489.7459016 9448.16666667 115596.5 82843.8666667 175563.0 0 0.737704918033 0.016393442623 0.122950819672 0.00819672131148 0.114754098361
95 1 80 stay_charging 7290.57692308 10096.0 20427.6885246 7290.57692308 57531.0 98776.0 162891.0 0 0.639344262295 0.0819672131148 0.0983606557377 0.00819672131148 0.172131147541
96 1 83 stay_charging 0.0 0.0 18766.9173554 6236.90410959 57508.4705882 100469.571429 134572.0 0 0.603305785124 0.140495867769 0.0578512396694 0.00826446280992 0.190082644628
97 1 86 stay_charging 0.0 0.0 18092.6942149 136073.0 186661.0 5962.875 76534.2352941 0 0.0165289256198 0.00826446280992 0.595041322314 0.140495867769 0.239669421488
98 1 89 stay_charging 0.0 0.0 18742.7190083 206555.0 162695.0 93219.0714286 45683.1666667 4697.83823529 0 0.00826446280992 0.00826446280992 0.115702479339 0.0495867768595 0.561983471074 0.256198347107
99 1 92 stay_charging 0.0 0.0 38504.4132231 9594.83870968 162566.16 0 0.512396694215 0.206611570248 0.280991735537
100 1 95 stay_charging 0.0 0.0 39734.9421488 9909.38333333 233010.833333 148173.684211 0 0.495867768595 0.0495867768595 0.157024793388 0.297520661157
101 1 98 stay_charging 0.0 0.0 21444.7768595 4395.85245902 75998.0769231 124187.777778 221006.0 0 0.504132231405 0.107438016529 0.0743801652893 0.00826446280992 0.305785123967
102 1 100 stay_charging 0.0 0.0 22063.1735537 211675.0 5452.55932203 96229.65 0 0.0165289256198 0.487603305785 0.165289256198 0.330578512397
103 1 100 stay_charging 0.0 0.0 20462.2066116 4454.85964912 100875.55 204489.0 0 0.471074380165 0.165289256198 0.00826446280992 0.355371900826
104 1 100 stay_charging 0.0 0.0 20220.9834711 4187.84210526 61673.0 115506.933333 167063.0 0 0.471074380165 0.0413223140496 0.123966942149 0.00826446280992 0.355371900826
105 1 100 stay_charging 0.0 0.0 20284.5206612 3883.87719298 67406.8571429 121908.153846 176392.0 0 0.471074380165 0.0578512396694 0.107438016529 0.00826446280992 0.355371900826
106 1 100 stay_charging 0.0 0.0 21373.4545455 6081.2 123406.444444 0 0.495867768595 0.148760330579 0.355371900826
107 1 100 stay_charging 0.0 0.0 25690.2540984 6027.57894737 123924.388889 560000.0 0 0.467213114754 0.147540983607 0.00819672131148 0.377049180328
108 1 100 stay_charging 0.0 0.0 30238.1885246 8904.7962963 117769.727273 191273.3 0 0.44262295082 0.0901639344262 0.0819672131148 0.385245901639
109 1 100 stay_charging 0.0 0.0 40025.1803279 2255.13043478 102295.7 197704.157895 0 0.377049180328 0.0819672131148 0.155737704918 0.385245901639
110 1 100 stay_charging 0.0 0.0 40161.4344262 274733.5 185972.611111 97162.3333333 2728.93617021 0 0.016393442623 0.147540983607 0.0737704918033 0.385245901639 0.377049180328
111 1 100 stay_charging 0.0 0.0 41051.6311475 3131.91666667 120825.933333 234275.230769 0 0.393442622951 0.122950819672 0.106557377049 0.377049180328
112 1 100 stay_charging 0.0 0.0 43166.0163934 6947.16326531 327863.333333 171402.304348 0 0.401639344262 0.0245901639344 0.188524590164 0.385245901639
113 1 100 stay_charging 0.0 0.0 42545.442623 268599.0 3961.08510638 136156.947368 0 0.0737704918033 0.385245901639 0.155737704918 0.385245901639
114 1 100 stay_charging 0.0 0.0 41629.1721311 229940.533333 2871.95744681 106762.071429 0 0.122950819672 0.385245901639 0.114754098361 0.377049180328
115 1 100 stay_charging 0.0 0.0 42394.5 14127.1698113 173476.0625 274628.666667 0 0.434426229508 0.131147540984 0.0491803278689 0.385245901639
116 1 100 stay_charging 0.0 0.0 42508.9754098 247392.181818 2544.0625 106484.818182 0 0.0901639344262 0.393442622951 0.180327868852 0.33606557377
117 1 100 stay_charging 0.0 0.0 53547.7540984 331432.111111 8033.51785714 163161.052632 0 0.0737704918033 0.459016393443 0.155737704918 0.311475409836
118 1 100 stay_charging 0.0 0.0 63638.2704918 4202.09433962 140769.416667 284363.176471 508875.5 0 0.434426229508 0.0983606557377 0.139344262295 0.016393442623 0.311475409836
119 1 100 stay_charging 0.0 0.0 54426.0245902 7406.41935484 184963.681818 332884.0 447156.0 0 0.508196721311 0.180327868852 0.0409836065574 0.00819672131148 0.262295081967
120 1 100 stay_charging 0.0 0.0 42776.0245902 300437.333333 4579.88135593 134905.0 0 0.0245901639344 0.483606557377 0.245901639344 0.245901639344
121 1 100 stay_charging 0.0 0.0 38850.5737705 11587.3188406 264494.0 143034.681818 0 0.565573770492 0.0245901639344 0.180327868852 0.229508196721
122 1 100 stay_charging 0.0 0.0 37236.7459016 218812.6 4864.53125 108189.310345 0 0.0409836065574 0.524590163934 0.237704918033 0.196721311475
123 1 100 gather_reward 171683.636364 106342.0 50684.0655738 7729.79104478 171683.636364 0 0.549180327869 0.270491803279 0.180327868852
124 0 96 gather_reward 236715.72 208613.0 65383.8606557 4990.953125 124251.214286 236715.72 0 0.524590163934 0.114754098361 0.204918032787 0.155737704918
125 0 92 gather_reward 224020.973684 207283.0 72620.5655738 5337.10769231 224020.973684 0 0.532786885246 0.311475409836 0.155737704918
126 0 88 gather_reward 218126.571429 235583.0 75399.1311475 6081.60606061 218126.571429 387626.0 0 0.540983606557 0.286885245902 0.0245901639344 0.147540983607
127 0 83 gather_reward 205532.314286 202348.0 69405.9180328 413175.5 6679.70149254 205532.314286 0 0.016393442623 0.549180327869 0.286885245902 0.147540983607
128 0 78 gather_reward 96104.2903226 75284.0 40534.057377 3880.6875 96104.2903226 189014.833333 256601.0 326868.0 0 0.524590163934 0.254098360656 0.0491803278689 0.00819672131148 0.00819672131148 0.155737704918
129 0 73 go_charge 0.0 3507.0 12958.6803279 87809.5 114341.75 38882.6666667 8071.11650485 0 0.016393442623 0.0327868852459 0.0245901639344 0.844262295082 0.0819672131148
130 1 75 stay_charging 0.0 3391.0 12079.9098361 34444.6666667 7532.45794393 118453.0 90630.0 0 0.0245901639344 0.877049180328 0.0327868852459 0.00819672131148 0.0573770491803
131 1 78 stay_charging 7178.94174757 5555.0 13645.7868852 38872.0 7178.94174757 70967.5 107422.6 168563.0 0 0.016393442623 0.844262295082 0.016393442623 0.0409836065574 0.00819672131148 0.0737704918033
132 1 81 stay_charging 8294.9009901 9761.0 13795.4672131 111693.5 43775.25 8294.9009901 0 0.0491803278689 0.0327868852459 0.827868852459 0.0901639344262
133 1 84 gather_reward 59257.5 56607.0 26780.5163934 5262.19444444 59257.5 192274.0 123509.0 0 0.590163934426 0.295081967213 0.016393442623 0.0245901639344 0.0737704918033
134 0 79 gather_reward 106196.475 93519.0 46500.5819672 255907.0 5577.55555556 106196.475 0 0.0327868852459 0.590163934426 0.327868852459 0.0491803278689
135 0 74 gather_reward 187232.625 127998.0 63072.6803279 14969.6385542 187232.625 460943.0 0 0.680327868852 0.262295081967 0.00819672131148 0.0491803278689
136 0 69 gather_reward 210962.742857 187999.0 73263.9508197 8803.25641026 210962.742857 339053.0 528799.0 0 0.639344262295 0.286885245902 0.00819672131148 0.00819672131148 0.0573770491803
137 0 64 gather_reward 143651.472222 172138.0 59615.6557377 4203.94285714 258197.285714 143651.472222 0 0.573770491803 0.0573770491803 0.295081967213 0.0737704918033
138 0 59 gather_reward 129502.954545 84760.0 47207.4344262 12536.775 129502.954545 211922.222222 0 0.655737704918 0.180327868852 0.0737704918033 0.0901639344262
139 0 54 go_charge 11529.9425287 24840.0 34988.0737705 238383.0 11529.9425287 116194.75 0 0.016393442623 0.713114754098 0.196721311475 0.0737704918033
140 1 55 stay_charging 8411.33333333 14078.0 20913.2540984 227150.5 8411.33333333 120739.666667 75221.3076923 0 0.016393442623 0.737704918033 0.0245901639344 0.106557377049 0.114754098361
141 1 57 stay_charging 7611.82758621 16920.0 21908.9754098 217173.5 7611.82758621 60302.1666667 106586.625 0 0.016393442623 0.713114754098 0.0983606557377 0.0655737704918 0.106557377049
142 1 59 stay_charging 9448.16666667 14773.0 20489.7459016 9448.16666667 115596.5 82843.8666667 175563.0 0 0.737704918033 0.016393442623 0.122950819672 0.00819672131148 0.114754098361
143 1 61 stay_charging 7290.57692308 10923.0 20427.6885246 7290.57692308 57531.0 98776.0 162891.0 0 0.639344262295 0.0819672131148 0.0983606557377 0.00819672131148 0.172131147541
