time charging battery action matched_reward actual_reward exp_reward  cluster_vals prob_vals
0 1 70 stay_charging 6131.51388889 13825.0 18652.661157 6131.51388889 57508.4705882 100469.571429 134572.0 0 0.595041322314 0.140495867769 0.0578512396694 0.00826446280992 0.198347107438
1 1 73 stay_charging 5848.1971831 14105.0 17976.1239669 136073.0 186661.0 5848.1971831 76534.2352941 0 0.0165289256198 0.00826446280992 0.586776859504 0.140495867769 0.247933884298
2 1 76 stay_charging 4559.59701493 13960.0 18627.3471074 206555.0 162695.0 93219.0714286 45683.1666667 4559.59701493 0 0.00826446280992 0.00826446280992 0.115702479339 0.0495867768595 0.553719008264 0.264462809917
3 1 79 gather_reward 164708.166667 111158.0 37585.7520661 9594.83870968 164708.166667 0 0.512396694215 0.198347107438 0.289256198347
4 0 74 gather_reward 177178.454545 107568.0 38845.9504132 12942.483871 177178.454545 0 0.512396694215 0.181818181818 0.305785123967
5 0 69 go_charge 4401.41666667 4062.0 21411.2066116 4401.41666667 75998.0769231 124187.777778 221006.0 0 0.495867768595 0.107438016529 0.0743801652893 0.00826446280992 0.314049586777
6 1 71 stay_charging 5441.36206897 6102.0 22012.7438017 211675.0 5441.36206897 96229.65 0 0.0165289256198 0.479338842975 0.165289256198 0.338842975207
7 1 74 stay_charging 4359.0 9823.0 20381.0247934 4359.0 100875.55 204489.0 0 0.462809917355 0.165289256198 0.00826446280992 0.363636363636
8 1 77 stay_charging 3985.375 15526.0 20092.6694215 3985.375 61673.0 115506.933333 167063.0 0 0.462809917355 0.0413223140496 0.123966942149 0.00826446280992 0.363636363636
9 1 80 stay_charging 3677.91071429 15418.0 20157.0991736 3677.91071429 67406.8571429 121908.153846 176392.0 0 0.462809917355 0.0578512396694 0.107438016529 0.00826446280992 0.363636363636
10 1 83 stay_charging 6050.16949153 7912.0 21308.0661157 6050.16949153 123406.444444 0 0.487603305785 0.148760330579 0.363636363636
11 1 86 stay_charging 5289.46428571 47362.0 25302.0409836 5289.46428571 123924.388889 560000.0 0 0.459016393443 0.147540983607 0.00819672131148 0.385245901639
12 1 89 gather_reward 74714.7272727 113299.0 29309.5081967 172907.933333 3339.14583333 74714.7272727 0 0.122950819672 0.393442622951 0.0901639344262 0.393442622951
13 0 84 gather_reward 109125.25 158033.0 38729.8278689 2255.13043478 109125.25 206987.5 0 0.377049180328 0.0983606557377 0.131147540984 0.393442622951
14 0 79 gather_reward 197325.947368 147781.0 38950.1147541 197325.947368 97162.3333333 2728.93617021 0 0.155737704918 0.0737704918033 0.385245901639 0.385245901639
15 0 74 gather_reward 118819.357143 148918.0 39830.9918033 3131.91666667 118819.357143 234275.230769 0 0.393442622951 0.114754098361 0.106557377049 0.385245901639
16 0 69 gather_reward 174262.772727 108472.0 42276.9016393 6947.16326531 327863.333333 174262.772727 0 0.401639344262 0.0245901639344 0.180327868852 0.393442622951
17 0 64 go_charge 3112.32608696 43004.0 42192.9508197 3112.32608696 268599.0 136156.947368 0 0.377049180328 0.0737704918033 0.155737704918 0.393442622951
18 1 65 gather_reward 107829.538462 92885.0 40867.8196721 229940.533333 2871.95744681 107829.538462 0 0.122950819672 0.385245901639 0.106557377049 0.385245901639
19 0 60 gather_reward 102674.076923 141606.0 41233.795082 2253.02222222 102674.076923 319002.5 211169.214286 0 0.368852459016 0.106557377049 0.016393442623 0.114754098361 0.393442622951
20 0 55 gather_reward 149504.222222 106809.0 41633.4918033 16873.9 149504.222222 247392.181818 0 0.491803278689 0.0737704918033 0.0901639344262 0.344262295082
21 0 50 gather_reward 137229.416667 141653.0 52386.6639344 394938.666667 8033.51785714 137229.416667 259143.916667 0 0.0245901639344 0.459016393443 0.0983606557377 0.0983606557377 0.319672131148
22 0 45 gather_reward 140769.416667 216661.0 61862.3606557 298024.941176 4202.09433962 140769.416667 568840.0 0 0.139344262295 0.434426229508 0.0983606557377 0.00819672131148 0.319672131148
23 0 40 gather_reward 182338.52381 240092.0 52114.4098361 6840.54098361 182338.52381 332884.0 447156.0 0 0.5 0.172131147541 0.0409836065574 0.00819672131148 0.27868852459
24 0 35 go_charge 135882.964286 175713.0 40788.9180328 300437.333333 4579.88135593 135882.964286 0 0.0245901639344 0.483606557377 0.229508196721 0.262295081967
25 1 37 gather_reward 143034.681818 85569.0 37756.0 9940.10447761 264494.0 143034.681818 0 0.549180327869 0.0245901639344 0.180327868852 0.245901639344
26 0 32 go_charge 109941.185185 71400.0 35850.8606557 218812.6 4864.53125 109941.185185 0 0.0409836065574 0.524590163934 0.22131147541 0.213114754098
27 1 34 stay_charging 171466.6875 124809.0 49219.9180328 7729.79104478 171466.6875 0 0.549180327869 0.262295081967 0.188524590164
28 1 37 stay_charging 120700.0 137702.0 64707.5983607 4990.953125 120700.0 235634.846154 0 0.524590163934 0.0983606557377 0.213114754098 0.16393442623
29 1 40 gather_reward 227812.648649 172359.0 71934.2622951 5337.10769231 227812.648649 0 0.532786885246 0.303278688525 0.16393442623
30 0 35 go_charge 217704.228571 250365.0 74860.7622951 5392.10769231 217704.228571 387626.0 0 0.532786885246 0.286885245902 0.0245901639344 0.155737704918
31 1 37 gather_reward 204950.857143 222699.0 69239.1065574 413175.5 6679.70149254 204950.857143 0 0.016393442623 0.549180327869 0.286885245902 0.147540983607
32 0 32 go_charge 94931.3870968 111644.0 40263.0655738 3932.234375 94931.3870968 189014.833333 256601.0 326868.0 0 0.524590163934 0.254098360656 0.0491803278689 0.00819672131148 0.00819672131148 0.155737704918
33 1 34 stay_charging 8278.46153846 17354.0 12928.4918033 87809.5 114341.75 41665.0 8278.46153846 0 0.016393442623 0.0327868852459 0.016393442623 0.852459016393 0.0819672131148
34 1 37 stay_charging 7521.04672897 9108.0 12069.9016393 34444.6666667 7521.04672897 118453.0 90630.0 0 0.0245901639344 0.877049180328 0.0327868852459 0.00819672131148 0.0573770491803
35 1 40 stay_charging 7173.85436893 8112.0 13641.4918033 38872.0 7173.85436893 70967.5 107422.6 168563.0 0 0.016393442623 0.844262295082 0.016393442623 0.0409836065574 0.00819672131148 0.0737704918033
36 1 43 stay_charging 8328.33663366 15654.0 13823.147541 111693.5 43775.25 8328.33663366 0 0.0491803278689 0.0327868852459 0.827868852459 0.0901639344262
37 1 46 gather_reward 59452.6111111 39336.0 26838.0901639 5262.19444444 59452.6111111 192274.0 123509.0 0 0.590163934426 0.295081967213 0.016393442623 0.0245901639344 0.0737704918033
38 0 41 gather_reward 106373.475 95687.0 46558.6147541 255907.0 5577.55555556 106373.475 0 0.0327868852459 0.590163934426 0.327868852459 0.0491803278689
39 0 36 go_charge 14348.5243902 65901.0 63684.2459016 14348.5243902 185816.848485 460943.0 0 0.672131147541 0.270491803279 0.00819672131148 0.0491803278689
40 1 38 stay_charging 0.0 0.0 74889.5819672 8803.25641026 210611.75 339053.0 528799.0 0 0.639344262295 0.295081967213 0.00819672131148 0.00819672131148 0.0491803278689
41 1 41 stay_charging 0.0 0.0 61639.3196721 8399.94666667 258197.285714 158831.875 0 0.614754098361 0.0573770491803 0.262295081967 0.0655737704918
42 1 44 stay_charging 0.0 0.0 48740.5737705 4959.95714286 211922.222222 108583.911765 0 0.573770491803 0.0737704918033 0.27868852459 0.0737704918033
43 1 47 stay_charging 0.0 0.0 35636.8606557 238383.0 12160.1910112 116194.75 0 0.016393442623 0.729508196721 0.196721311475 0.0573770491803
44 1 49 stay_charging 0.0 0.0 21104.6803279 227150.5 8482.32608696 120739.666667 75221.3076923 0 0.016393442623 0.754098360656 0.0245901639344 0.106557377049 0.0983606557377
45 1 51 stay_charging 0.0 0.0 22141.8606557 217173.5 7760.01123596 60302.1666667 106586.625 0 0.016393442623 0.729508196721 0.0983606557377 0.0655737704918 0.0901639344262
46 1 53 stay_charging 0.0 0.0 20717.0163934 6100.0 37786.2 115596.5 82843.8666667 175563.0 0 0.672131147541 0.0819672131148 0.016393442623 0.122950819672 0.00819672131148 0.0983606557377
47 1 55 stay_charging 0.0 0.0 20599.9754098 7371.05 57531.0 98776.0 162891.0 0 0.655737704918 0.0819672131148 0.0983606557377 0.00819672131148 0.155737704918
48 1 57 stay_charging 6131.51388889 5852.0 18652.661157 6131.51388889 57508.4705882 100469.571429 134572.0 0 0.595041322314 0.140495867769 0.0578512396694 0.00826446280992 0.198347107438
49 1 59 stay_charging 5848.1971831 6114.0 17976.1239669 136073.0 186661.0 5848.1971831 76534.2352941 0 0.0165289256198 0.00826446280992 0.586776859504 0.140495867769 0.247933884298
50 1 61 gather_reward 45683.1666667 40326.0 18627.3471074 206555.0 162695.0 93219.0714286 45683.1666667 4559.59701493 0 0.00826446280992 0.00826446280992 0.115702479339 0.0495867768595 0.553719008264 0.264462809917
51 0 56 gather_reward 164708.166667 141830.0 37585.7520661 9594.83870968 164708.166667 0 0.512396694215 0.198347107438 0.289256198347
52 0 51 gather_reward 177178.454545 110979.0 38845.9504132 12942.483871 177178.454545 0 0.512396694215 0.181818181818 0.305785123967
53 0 46 go_charge 4401.41666667 11512.0 21411.2066116 4401.41666667 75998.0769231 124187.777778 221006.0 0 0.495867768595 0.107438016529 0.0743801652893 0.00826446280992 0.314049586777
54 1 47 stay_charging 5441.36206897 11431.0 22012.7438017 211675.0 5441.36206897 96229.65 0 0.0165289256198 0.479338842975 0.165289256198 0.338842975207
55 1 49 stay_charging 4359.0 9965.0 20381.0247934 4359.0 100875.55 204489.0 0 0.462809917355 0.165289256198 0.00826446280992 0.363636363636
56 1 51 stay_charging 3985.375 6309.0 20092.6694215 3985.375 61673.0 115506.933333 167063.0 0 0.462809917355 0.0413223140496 0.123966942149 0.00826446280992 0.363636363636
57 1 53 stay_charging 3677.91071429 7600.0 20157.0991736 3677.91071429 67406.8571429 121908.153846 176392.0 0 0.462809917355 0.0578512396694 0.107438016529 0.00826446280992 0.363636363636
58 1 55 stay_charging 6050.16949153 9027.0 21308.0661157 6050.16949153 123406.444444 0 0.487603305785 0.148760330579 0.363636363636
59 1 57 stay_charging 5289.46428571 7431.0 25302.0409836 5289.46428571 123924.388889 560000.0 0 0.459016393443 0.147540983607 0.00819672131148 0.385245901639
60 1 59 gather_reward 74714.7272727 56410.0 29309.5081967 172907.933333 3339.14583333 74714.7272727 0 0.122950819672 0.393442622951 0.0901639344262 0.393442622951
61 0 54 gather_reward 109125.25 130235.0 38729.8278689 2255.13043478 109125.25 206987.5 0 0.377049180328 0.0983606557377 0.131147540984 0.393442622951
62 0 49 gather_reward 97162.3333333 101275.0 38950.1147541 197325.947368 97162.3333333 2728.93617021 0 0.155737704918 0.0737704918033 0.385245901639 0.385245901639
63 0 44 gather_reward 118819.357143 104242.0 39830.9918033 3131.91666667 118819.357143 234275.230769 0 0.393442622951 0.114754098361 0.106557377049 0.385245901639
64 0 39 gather_reward 174262.772727 137044.0 42276.9016393 6947.16326531 327863.333333 174262.772727 0 0.401639344262 0.0245901639344 0.180327868852 0.393442622951
65 0 34 go_charge 136156.947368 129514.0 42192.9508197 3112.32608696 268599.0 136156.947368 0 0.377049180328 0.0737704918033 0.155737704918 0.393442622951
66 1 36 gather_reward 107829.538462 119141.0 40867.8196721 229940.533333 2871.95744681 107829.538462 0 0.122950819672 0.385245901639 0.106557377049 0.385245901639
67 0 31 go_charge 102674.076923 82938.0 41233.795082 2253.02222222 102674.076923 319002.5 211169.214286 0 0.368852459016 0.106557377049 0.016393442623 0.114754098361 0.393442622951
68 1 33 stay_charging 16873.9 46283.0 41633.4918033 16873.9 149504.222222 247392.181818 0 0.491803278689 0.0737704918033 0.0901639344262 0.344262295082
69 1 36 gather_reward 137229.416667 128581.0 52386.6639344 394938.666667 8033.51785714 137229.416667 259143.916667 0 0.0245901639344 0.459016393443 0.0983606557377 0.0983606557377 0.319672131148
70 0 31 go_charge 298024.941176 258561.0 61862.3606557 298024.941176 4202.09433962 140769.416667 568840.0 0 0.139344262295 0.434426229508 0.0983606557377 0.00819672131148 0.319672131148
71 1 33 stay_charging 182338.52381 228233.0 52114.4098361 6840.54098361 182338.52381 332884.0 447156.0 0 0.5 0.172131147541 0.0409836065574 0.00819672131148 0.27868852459
72 1 36 gather_reward 135882.964286 144600.0 40788.9180328 300437.333333 4579.88135593 135882.964286 0 0.0245901639344 0.483606557377 0.229508196721 0.262295081967
73 0 31 go_charge 143034.681818 110263.0 37756.0 9940.10447761 264494.0 143034.681818 0 0.549180327869 0.0245901639344 0.180327868852 0.245901639344
74 1 33 stay_charging 109941.185185 105434.0 35850.8606557 218812.6 4864.53125 109941.185185 0 0.0409836065574 0.524590163934 0.22131147541 0.213114754098
75 1 36 gather_reward 171466.6875 147181.0 49219.9180328 7729.79104478 171466.6875 0 0.549180327869 0.262295081967 0.188524590164
76 0 31 go_charge 235634.846154 186882.0 64707.5983607 4990.953125 120700.0 235634.846154 0 0.524590163934 0.0983606557377 0.213114754098 0.16393442623
77 1 33 stay_charging 227812.648649 198280.0 71934.2622951 5337.10769231 227812.648649 0 0.532786885246 0.303278688525 0.16393442623
78 1 36 gather_reward 217704.228571 232510.0 74860.7622951 5392.10769231 217704.228571 387626.0 0 0.532786885246 0.286885245902 0.0245901639344 0.155737704918
79 0 31 go_charge 204950.857143 230802.0 69239.1065574 413175.5 6679.70149254 204950.857143 0 0.016393442623 0.549180327869 0.286885245902 0.147540983607
80 1 33 stay_charging 94931.3870968 107584.0 40263.0655738 3932.234375 94931.3870968 189014.833333 256601.0 326868.0 0 0.524590163934 0.254098360656 0.0491803278689 0.00819672131148 0.00819672131148 0.155737704918
81 1 36 stay_charging 8278.46153846 6762.0 12928.4918033 87809.5 114341.75 41665.0 8278.46153846 0 0.016393442623 0.0327868852459 0.016393442623 0.852459016393 0.0819672131148
82 1 39 stay_charging 7521.04672897 11772.0 12069.9016393 34444.6666667 7521.04672897 118453.0 90630.0 0 0.0245901639344 0.877049180328 0.0327868852459 0.00819672131148 0.0573770491803
83 1 42 stay_charging 7173.85436893 10438.0 13641.4918033 38872.0 7173.85436893 70967.5 107422.6 168563.0 0 0.016393442623 0.844262295082 0.016393442623 0.0409836065574 0.00819672131148 0.0737704918033
84 1 45 stay_charging 8328.33663366 12443.0 13823.147541 111693.5 43775.25 8328.33663366 0 0.0491803278689 0.0327868852459 0.827868852459 0.0901639344262
85 1 47 gather_reward 59452.6111111 55482.0 26838.0901639 5262.19444444 59452.6111111 192274.0 123509.0 0 0.590163934426 0.295081967213 0.016393442623 0.0245901639344 0.0737704918033
86 0 42 gather_reward 106373.475 95241.0 46558.6147541 255907.0 5577.55555556 106373.475 0 0.0327868852459 0.590163934426 0.327868852459 0.0491803278689
87 0 37 gather_reward 185816.848485 167227.0 63684.2459016 14348.5243902 185816.848485 460943.0 0 0.672131147541 0.270491803279 0.00819672131148 0.0491803278689
88 0 32 go_charge 210611.75 268215.0 74889.5819672 8803.25641026 210611.75 339053.0 528799.0 0 0.639344262295 0.295081967213 0.00819672131148 0.00819672131148 0.0491803278689
89 1 34 stay_charging 258197.285714 223137.0 61639.3196721 8399.94666667 258197.285714 158831.875 0 0.614754098361 0.0573770491803 0.262295081967 0.0655737704918
90 1 37 gather_reward 108583.911765 115904.0 48740.5737705 4959.95714286 211922.222222 108583.911765 0 0.573770491803 0.0737704918033 0.27868852459 0.0737704918033
91 0 32 go_charge 12160.1910112 47446.0 35636.8606557 238383.0 12160.1910112 116194.75 0 0.016393442623 0.729508196721 0.196721311475 0.0573770491803
92 1 34 stay_charging 8482.32608696 13022.0 21104.6803279 227150.5 8482.32608696 120739.666667 75221.3076923 0 0.016393442623 0.754098360656 0.0245901639344 0.106557377049 0.0983606557377
93 1 37 gather_reward 60302.1666667 45989.0 22141.8606557 217173.5 7760.01123596 60302.1666667 106586.625 0 0.016393442623 0.729508196721 0.0983606557377 0.0655737704918 0.0901639344262
94 0 32 go_charge 37786.2 43753.0 20717.0163934 6100.0 37786.2 115596.5 82843.8666667 175563.0 0 0.672131147541 0.0819672131148 0.016393442623 0.122950819672 0.00819672131148 0.0983606557377
95 1 34 stay_charging 7371.05 9158.0 20599.9754098 7371.05 57531.0 98776.0 162891.0 0 0.655737704918 0.0819672131148 0.0983606557377 0.00819672131148 0.155737704918
96 1 37 stay_charging 0.0 0.0 18652.661157 6131.51388889 57508.4705882 100469.571429 134572.0 0 0.595041322314 0.140495867769 0.0578512396694 0.00826446280992 0.198347107438
97 1 40 stay_charging 0.0 0.0 17976.1239669 136073.0 186661.0 5848.1971831 76534.2352941 0 0.0165289256198 0.00826446280992 0.586776859504 0.140495867769 0.247933884298
98 1 43 stay_charging 0.0 0.0 18627.3471074 206555.0 162695.0 93219.0714286 45683.1666667 4559.59701493 0 0.00826446280992 0.00826446280992 0.115702479339 0.0495867768595 0.553719008264 0.264462809917
99 1 46 stay_charging 0.0 0.0 37585.7520661 9594.83870968 164708.166667 0 0.512396694215 0.198347107438 0.289256198347
100 1 48 stay_charging 0.0 0.0 38845.9504132 12942.483871 177178.454545 0 0.512396694215 0.181818181818 0.305785123967
101 1 50 stay_charging 0.0 0.0 21411.2066116 4401.41666667 75998.0769231 124187.777778 221006.0 0 0.495867768595 0.107438016529 0.0743801652893 0.00826446280992 0.314049586777
102 1 52 stay_charging 0.0 0.0 22012.7438017 211675.0 5441.36206897 96229.65 0 0.0165289256198 0.479338842975 0.165289256198 0.338842975207
103 1 54 stay_charging 0.0 0.0 20381.0247934 4359.0 100875.55 204489.0 0 0.462809917355 0.165289256198 0.00826446280992 0.363636363636
104 1 56 stay_charging 0.0 0.0 20092.6694215 3985.375 61673.0 115506.933333 167063.0 0 0.462809917355 0.0413223140496 0.123966942149 0.00826446280992 0.363636363636
105 1 58 stay_charging 0.0 0.0 20157.0991736 3677.91071429 67406.8571429 121908.153846 176392.0 0 0.462809917355 0.0578512396694 0.107438016529 0.00826446280992 0.363636363636
106 1 60 stay_charging 0.0 0.0 21308.0661157 6050.16949153 123406.444444 0 0.487603305785 0.148760330579 0.363636363636
107 1 62 stay_charging 0.0 0.0 25302.0409836 5289.46428571 123924.388889 560000.0 0 0.459016393443 0.147540983607 0.00819672131148 0.385245901639
108 1 64 stay_charging 0.0 0.0 29309.5081967 172907.933333 3339.14583333 74714.7272727 0 0.122950819672 0.393442622951 0.0901639344262 0.393442622951
109 1 66 stay_charging 0.0 0.0 38729.8278689 2255.13043478 109125.25 206987.5 0 0.377049180328 0.0983606557377 0.131147540984 0.393442622951
110 1 69 stay_charging 0.0 0.0 38950.1147541 197325.947368 97162.3333333 2728.93617021 0 0.155737704918 0.0737704918033 0.385245901639 0.385245901639
111 1 72 stay_charging 0.0 0.0 39830.9918033 3131.91666667 118819.357143 234275.230769 0 0.393442622951 0.114754098361 0.106557377049 0.385245901639
112 1 75 stay_charging 0.0 0.0 42276.9016393 6947.16326531 327863.333333 174262.772727 0 0.401639344262 0.0245901639344 0.180327868852 0.393442622951
113 1 78 stay_charging 0.0 0.0 42192.9508197 3112.32608696 268599.0 136156.947368 0 0.377049180328 0.0737704918033 0.155737704918 0.393442622951
114 1 81 stay_charging 0.0 0.0 40867.8196721 229940.533333 2871.95744681 107829.538462 0 0.122950819672 0.385245901639 0.106557377049 0.385245901639
115 1 84 stay_charging 0.0 0.0 41233.795082 2253.02222222 102674.076923 319002.5 211169.214286 0 0.368852459016 0.106557377049 0.016393442623 0.114754098361 0.393442622951
116 1 87 stay_charging 0.0 0.0 41633.4918033 16873.9 149504.222222 247392.181818 0 0.491803278689 0.0737704918033 0.0901639344262 0.344262295082
117 1 90 stay_charging 0.0 0.0 52386.6639344 394938.666667 8033.51785714 137229.416667 259143.916667 0 0.0245901639344 0.459016393443 0.0983606557377 0.0983606557377 0.319672131148
118 1 93 stay_charging 0.0 0.0 61862.3606557 298024.941176 4202.09433962 140769.416667 568840.0 0 0.139344262295 0.434426229508 0.0983606557377 0.00819672131148 0.319672131148
119 1 96 gather_reward 6840.54098361 41925.0 52114.4098361 6840.54098361 182338.52381 332884.0 447156.0 0 0.5 0.172131147541 0.0409836065574 0.00819672131148 0.27868852459
120 0 92 go_charge 4579.88135593 66714.0 40788.9180328 300437.333333 4579.88135593 135882.964286 0 0.0245901639344 0.483606557377 0.229508196721 0.262295081967
121 1 94 gather_reward 9940.10447761 47969.0 37756.0 9940.10447761 264494.0 143034.681818 0 0.549180327869 0.0245901639344 0.180327868852 0.245901639344
122 0 90 gather_reward 109941.185185 97678.0 35850.8606557 218812.6 4864.53125 109941.185185 0 0.0409836065574 0.524590163934 0.22131147541 0.213114754098
123 0 86 gather_reward 171466.6875 160159.0 49219.9180328 7729.79104478 171466.6875 0 0.549180327869 0.262295081967 0.188524590164
124 0 81 gather_reward 120700.0 153415.0 64707.5983607 4990.953125 120700.0 235634.846154 0 0.524590163934 0.0983606557377 0.213114754098 0.16393442623
125 0 76 gather_reward 227812.648649 118653.0 71934.2622951 5337.10769231 227812.648649 0 0.532786885246 0.303278688525 0.16393442623
126 0 71 go_charge 5392.10769231 50899.0 74860.7622951 5392.10769231 217704.228571 387626.0 0 0.532786885246 0.286885245902 0.0245901639344 0.155737704918
127 1 73 stay_charging 0.0 0.0 69239.1065574 413175.5 6679.70149254 204950.857143 0 0.016393442623 0.549180327869 0.286885245902 0.147540983607
128 1 76 stay_charging 3932.234375 7045.0 40263.0655738 3932.234375 94931.3870968 189014.833333 256601.0 326868.0 0 0.524590163934 0.254098360656 0.0491803278689 0.00819672131148 0.00819672131148 0.155737704918
129 1 79 stay_charging 8278.46153846 10897.0 12928.4918033 87809.5 114341.75 41665.0 8278.46153846 0 0.016393442623 0.0327868852459 0.016393442623 0.852459016393 0.0819672131148
130 1 82 stay_charging 7521.04672897 12320.0 12069.9016393 34444.6666667 7521.04672897 118453.0 90630.0 0 0.0245901639344 0.877049180328 0.0327868852459 0.00819672131148 0.0573770491803
131 1 85 stay_charging 7173.85436893 12889.0 13641.4918033 38872.0 7173.85436893 70967.5 107422.6 168563.0 0 0.016393442623 0.844262295082 0.016393442623 0.0409836065574 0.00819672131148 0.0737704918033
132 1 88 stay_charging 8328.33663366 9899.0 13823.147541 111693.5 43775.25 8328.33663366 0 0.0491803278689 0.0327868852459 0.827868852459 0.0901639344262
133 1 91 gather_reward 59452.6111111 65491.0 26838.0901639 5262.19444444 59452.6111111 192274.0 123509.0 0 0.590163934426 0.295081967213 0.016393442623 0.0245901639344 0.0737704918033
134 0 87 gather_reward 106373.475 109765.0 46558.6147541 255907.0 5577.55555556 106373.475 0 0.0327868852459 0.590163934426 0.327868852459 0.0491803278689
135 0 82 gather_reward 185816.848485 167513.0 63684.2459016 14348.5243902 185816.848485 460943.0 0 0.672131147541 0.270491803279 0.00819672131148 0.0491803278689
136 0 77 gather_reward 210611.75 195317.0 74889.5819672 8803.25641026 210611.75 339053.0 528799.0 0 0.639344262295 0.295081967213 0.00819672131148 0.00819672131148 0.0491803278689
137 0 72 go_charge 8399.94666667 77556.0 61639.3196721 8399.94666667 258197.285714 158831.875 0 0.614754098361 0.0573770491803 0.262295081967 0.0655737704918
138 1 74 stay_charging 0.0 0.0 48740.5737705 4959.95714286 211922.222222 108583.911765 0 0.573770491803 0.0737704918033 0.27868852459 0.0737704918033
139 1 77 stay_charging 0.0 0.0 35636.8606557 238383.0 12160.1910112 116194.75 0 0.016393442623 0.729508196721 0.196721311475 0.0573770491803
140 1 80 stay_charging 0.0 0.0 21104.6803279 227150.5 8482.32608696 120739.666667 75221.3076923 0 0.016393442623 0.754098360656 0.0245901639344 0.106557377049 0.0983606557377
141 1 83 stay_charging 0.0 0.0 22141.8606557 217173.5 7760.01123596 60302.1666667 106586.625 0 0.016393442623 0.729508196721 0.0983606557377 0.0655737704918 0.0901639344262
142 1 86 stay_charging 0.0 0.0 20717.0163934 6100.0 37786.2 115596.5 82843.8666667 175563.0 0 0.672131147541 0.0819672131148 0.016393442623 0.122950819672 0.00819672131148 0.0983606557377
143 1 89 stay_charging 0.0 0.0 20599.9754098 7371.05 57531.0 98776.0 162891.0 0 0.655737704918 0.0819672131148 0.0983606557377 0.00819672131148 0.155737704918
