time charging battery action matched_reward actual_reward exp_reward  cluster_vals prob_vals
0 1 70 gather_reward 4.67948717949 6.0 3.96581196581 15.0 18.0 4.67948717949 9.0 0 0.025641025641 0.00854700854701 0.666666666667 0.034188034188 0.264957264957
1 0 60 gather_reward 5.375 6.0 3.25641025641 11.0 2.86486486486 7.6 5.375 0 0.017094017094 0.316239316239 0.042735042735 0.34188034188 0.282051282051
2 0 47 gather_reward 5.23636363636 7.0 2.93162393162 2.03703703704 5.23636363636 0 0.230769230769 0.470085470085 0.299145299145
3 0 37 go_charge 5.70454545455 6.0 3.02564102564 2.06666666667 8.2 5.70454545455 0 0.25641025641 0.042735042735 0.376068376068 0.324786324786
4 1 50 stay_charging 2.5 4.0 2.87179487179 6.15 2.5 0 0.34188034188 0.307692307692 0.350427350427
5 1 62 stay_charging 2.63157894737 4.0 2.65811965812 5.86111111111 2.63157894737 0 0.307692307692 0.324786324786 0.367521367521
6 1 79 gather_reward 5.36538461538 5.0 2.70085470085 1.85 5.36538461538 0 0.17094017094 0.444444444444 0.384615384615
7 0 69 gather_reward 5.17021276596 4.0 2.47863247863 2.13636363636 5.17021276596 0 0.188034188034 0.401709401709 0.410256410256
8 0 57 gather_reward 5.13333333333 4.0 2.38461538462 2.08695652174 5.13333333333 0 0.196581196581 0.384615384615 0.418803418803
9 0 47 go_charge 3.0 3.0 2.44444444444 0 2 3 4 5 6 0.418803418803 0.136752136752 0.042735042735 0.102564102564 0.162393162393 0.136752136752
10 1 63 stay_charging 2.08695652174 2.0 2.38461538462 2.08695652174 5.13333333333 0 0.196581196581 0.384615384615 0.418803418803
11 1 80 gather_reward 5.125 4.0 2.45299145299 1.95238095238 5.125 0 0.179487179487 0.410256410256 0.410256410256
12 0 70 gather_reward 5.0 5.0 2.39316239316 0 2 3 4 5 6 0.418803418803 0.153846153846 0.042735042735 0.102564102564 0.145299145299 0.136752136752
13 0 58 gather_reward 5.125 6.0 2.45299145299 1.95238095238 5.125 0 0.179487179487 0.410256410256 0.410256410256
14 0 46 gather_reward 5.18367346939 5.0 2.48717948718 1.94736842105 5.18367346939 0 0.162393162393 0.418803418803 0.418803418803
15 0 34 go_charge 5.725 5.0 2.65811965812 2.5 8.5 5.725 0 0.222222222222 0.017094017094 0.34188034188 0.418803418803
16 1 45 gather_reward 8.2 8.0 2.78632478632 2.05 8.2 5.54545454545 0 0.17094017094 0.042735042735 0.376068376068 0.410256410256
17 0 35 go_charge 6.3023255814 8.0 2.87179487179 6.3023255814 2.5 0 0.367521367521 0.222222222222 0.410256410256
18 1 48 gather_reward 6.42105263158 6.0 2.84615384615 6.42105263158 2.78125 0 0.324786324786 0.273504273504 0.401709401709
19 0 39 go_charge 5.72093023256 4.0 2.89743589744 2.04761904762 8.33333333333 5.72093023256 0 0.179487179487 0.0512820512821 0.367521367521 0.401709401709
20 1 52 gather_reward 5.85714285714 6.0 2.8547008547 2.42307692308 8.33333333333 5.85714285714 0 0.222222222222 0.025641025641 0.358974358974 0.393162393162
21 0 39 go_charge 8.33333333333 9.0 2.7094017094 2.55172413793 8.33333333333 5.73684210526 0 0.247863247863 0.025641025641 0.324786324786 0.401709401709
22 1 51 gather_reward 9.33333333333 22.0 2.83760683761 2.51612903226 9.33333333333 5.94736842105 0 0.264957264957 0.025641025641 0.324786324786 0.384615384615
23 0 42 go_charge 22.5 23.0 3.28205128205 22.5 2.32142857143 6.2619047619 11.0 0 0.017094017094 0.239316239316 0.358974358974 0.00854700854701 0.376068376068
24 1 54 gather_reward 20.0833333333 23.0 5.18803418803 20.0833333333 4.93846153846 45.0 0 0.102564102564 0.555555555556 0.00854700854701 0.333333333333
25 0 45 gather_reward 20.6923076923 23.0 5.52136752137 4.67605633803 20.6923076923 45.0 0 0.606837606838 0.111111111111 0.00854700854701 0.273504273504
26 0 36 go_charge 20.6923076923 25.0 5.66666666667 4.84722222222 20.6923076923 45.0 0 0.615384615385 0.111111111111 0.00854700854701 0.264957264957
27 1 52 gather_reward 20.3125 25.0 6.0 4.75342465753 20.3125 30.0 0 0.623931623932 0.136752136752 0.00854700854701 0.230769230769
28 0 42 go_charge 21.3333333333 23.0 5.95726495726 4.50649350649 21.3333333333 30.0 0 0.65811965812 0.128205128205 0.00854700854701 0.205128205128
29 1 54 gather_reward 23.0 24.0 6.23931623932 4.82666666667 23.0 0 0.641025641026 0.136752136752 0.222222222222
30 0 44 go_charge 23.0714285714 24.0 6.48717948718 5.11392405063 16.0 23.0714285714 0 0.675213675214 0.017094017094 0.119658119658 0.188034188034
31 1 59 gather_reward 23.2666666667 26.0 6.86324786325 5.20987654321 16.0 23.2666666667 0 0.692307692308 0.017094017094 0.128205128205 0.162393162393
32 0 47 gather_reward 22.0 26.0 6.94017094017 5.0 22.0 30.0 0 0.735042735043 0.136752136752 0.00854700854701 0.119658119658
33 0 35 go_charge 23.2857142857 23.0 6.80341880342 5.09302325581 16.0 23.2857142857 0 0.735042735043 0.017094017094 0.119658119658 0.128205128205
34 1 48 gather_reward 22.7142857143 23.0 6.5811965812 4.73255813953 15.0 22.7142857143 0 0.735042735043 0.025641025641 0.119658119658 0.119658119658
35 0 36 go_charge 20.2 24.0 6.95726495726 4.88505747126 28.6666666667 20.2 0 0.74358974359 0.025641025641 0.128205128205 0.102564102564
36 1 52 gather_reward 22.0625 25.0 6.95726495726 5.06593406593 22.0625 0 0.777777777778 0.136752136752 0.0854700854701
37 0 42 go_charge 21.9375 26.0 6.53846153846 21.9375 4.36956521739 12.0 0 0.136752136752 0.786324786325 0.00854700854701 0.0683760683761
38 1 54 gather_reward 21.75 32.0 6.5811965812 21.75 12.5 4.4606741573 0 0.136752136752 0.017094017094 0.760683760684 0.0854700854701
39 0 45 gather_reward 22.4 37.0 6.88034188034 4.86666666667 15.5 22.4 0 0.769230769231 0.017094017094 0.128205128205 0.0854700854701
40 0 35 go_charge 18.4 19.0 7.34188034188 5.08791208791 18.4 25.3333333333 0 0.777777777778 0.042735042735 0.102564102564 0.0769230769231
41 1 46 gather_reward 19.6 19.0 7.88888888889 5.30107526882 27.0 19.6 35.0 0 0.794871794872 0.0940170940171 0.042735042735 0.00854700854701 0.0598290598291
42 0 35 go_charge 20.2857142857 18.0 6.70085470085 12.3333333333 4.98876404494 29.0 20.2857142857 0 0.0769230769231 0.760683760684 0.025641025641 0.0598290598291 0.0769230769231
43 1 51 gather_reward 16.6363636364 11.0 6.51282051282 30.5 16.6363636364 5.02197802198 0 0.034188034188 0.0940170940171 0.777777777778 0.0940170940171
44 0 39 go_charge 5.20689655172 4.0 6.40170940171 28.5 16.5454545455 5.20689655172 0 0.034188034188 0.0940170940171 0.74358974359 0.128205128205
45 1 51 stay_charging 5.18181818182 3.0 6.05128205128 12.1428571429 5.18181818182 20.0 27.0 0 0.0598290598291 0.752136752137 0.0598290598291 0.00854700854701 0.119658119658
46 1 68 gather_reward 4.57471264368 4.0 5.47008547009 9.5 4.57471264368 14.5 19.5 0 0.0512820512821 0.74358974359 0.017094017094 0.0683760683761 0.119658119658
47 0 54 gather_reward 4.55813953488 6.0 4.98290598291 15.5 19.6666666667 9.18181818182 4.55813953488 0 0.017094017094 0.025641025641 0.0940170940171 0.735042735043 0.128205128205
48 0 42 go_charge 4.67948717949 4.0 3.96581196581 15.0 18.0 4.67948717949 9.0 0 0.025641025641 0.00854700854701 0.666666666667 0.034188034188 0.264957264957
49 1 54 stay_charging 2.86486486486 4.0 3.25641025641 11.0 2.86486486486 7.6 5.375 0 0.017094017094 0.316239316239 0.042735042735 0.34188034188 0.282051282051
50 1 71 gather_reward 5.23636363636 5.0 2.93162393162 2.03703703704 5.23636363636 0 0.230769230769 0.470085470085 0.299145299145
51 0 61 gather_reward 5.70454545455 6.0 3.02564102564 2.06666666667 8.2 5.70454545455 0 0.25641025641 0.042735042735 0.376068376068 0.324786324786
52 0 51 gather_reward 6.15 5.0 2.87179487179 6.15 2.5 0 0.34188034188 0.307692307692 0.350427350427
53 0 41 go_charge 5.86111111111 5.0 2.65811965812 5.86111111111 2.63157894737 0 0.307692307692 0.324786324786 0.367521367521
54 1 53 gather_reward 5.36538461538 6.0 2.70085470085 1.85 5.36538461538 0 0.17094017094 0.444444444444 0.384615384615
55 0 41 go_charge 5.17021276596 6.0 2.47863247863 2.13636363636 5.17021276596 0 0.188034188034 0.401709401709 0.410256410256
56 1 53 gather_reward 5.13333333333 5.0 2.38461538462 2.08695652174 5.13333333333 0 0.196581196581 0.384615384615 0.418803418803
57 0 43 gather_reward 4.0 4.0 2.44444444444 0 2 3 4 5 6 0.418803418803 0.136752136752 0.042735042735 0.102564102564 0.162393162393 0.136752136752
58 0 33 go_charge 2.08695652174 3.0 2.38461538462 2.08695652174 5.13333333333 0 0.196581196581 0.384615384615 0.418803418803
59 1 49 gather_reward 5.125 4.0 2.45299145299 1.95238095238 5.125 0 0.179487179487 0.410256410256 0.410256410256
60 0 39 go_charge 6.0 6.0 2.39316239316 0 2 3 4 5 6 0.418803418803 0.153846153846 0.042735042735 0.102564102564 0.145299145299 0.136752136752
61 1 51 gather_reward 5.125 6.0 2.45299145299 1.95238095238 5.125 0 0.179487179487 0.410256410256 0.410256410256
62 0 41 go_charge 5.18367346939 4.0 2.48717948718 1.94736842105 5.18367346939 0 0.162393162393 0.418803418803 0.418803418803
63 1 53 gather_reward 5.725 5.0 2.65811965812 2.5 8.5 5.725 0 0.222222222222 0.017094017094 0.34188034188 0.418803418803
64 0 41 go_charge 5.54545454545 6.0 2.78632478632 2.05 8.2 5.54545454545 0 0.17094017094 0.042735042735 0.376068376068 0.410256410256
65 1 53 stay_charging 2.5 3.0 2.87179487179 6.3023255814 2.5 0 0.367521367521 0.222222222222 0.410256410256
66 1 66 gather_reward 6.42105263158 7.0 2.84615384615 6.42105263158 2.78125 0 0.324786324786 0.273504273504 0.401709401709
67 0 55 gather_reward 8.33333333333 9.0 2.89743589744 2.04761904762 8.33333333333 5.72093023256 0 0.179487179487 0.0512820512821 0.367521367521 0.401709401709
68 0 42 go_charge 5.85714285714 7.0 2.8547008547 2.42307692308 8.33333333333 5.85714285714 0 0.222222222222 0.025641025641 0.358974358974 0.393162393162
69 1 58 gather_reward 5.73684210526 7.0 2.7094017094 2.55172413793 8.33333333333 5.73684210526 0 0.247863247863 0.025641025641 0.324786324786 0.401709401709
70 0 46 gather_reward 9.33333333333 23.0 2.83760683761 2.51612903226 9.33333333333 5.94736842105 0 0.264957264957 0.025641025641 0.324786324786 0.384615384615
71 0 36 go_charge 22.5 24.0 3.28205128205 22.5 2.32142857143 6.2619047619 11.0 0 0.017094017094 0.239316239316 0.358974358974 0.00854700854701 0.376068376068
72 1 49 gather_reward 20.0833333333 21.0 5.18803418803 20.0833333333 4.93846153846 45.0 0 0.102564102564 0.555555555556 0.00854700854701 0.333333333333
73 0 40 go_charge 20.6923076923 23.0 5.52136752137 4.67605633803 20.6923076923 45.0 0 0.606837606838 0.111111111111 0.00854700854701 0.273504273504
74 1 56 gather_reward 20.6923076923 23.0 5.66666666667 4.84722222222 20.6923076923 45.0 0 0.615384615385 0.111111111111 0.00854700854701 0.264957264957
75 0 46 gather_reward 20.3125 22.0 6.0 4.75342465753 20.3125 30.0 0 0.623931623932 0.136752136752 0.00854700854701 0.230769230769
76 0 37 go_charge 21.3333333333 23.0 5.95726495726 4.50649350649 21.3333333333 30.0 0 0.65811965812 0.128205128205 0.00854700854701 0.205128205128
77 1 49 gather_reward 23.0 24.0 6.23931623932 4.82666666667 23.0 0 0.641025641026 0.136752136752 0.222222222222
78 0 38 go_charge 23.0714285714 22.0 6.48717948718 5.11392405063 16.0 23.0714285714 0 0.675213675214 0.017094017094 0.119658119658 0.188034188034
79 1 50 gather_reward 23.2666666667 21.0 6.86324786325 5.20987654321 16.0 23.2666666667 0 0.692307692308 0.017094017094 0.128205128205 0.162393162393
80 0 41 go_charge 22.0 25.0 6.94017094017 5.0 22.0 30.0 0 0.735042735043 0.136752136752 0.00854700854701 0.119658119658
81 1 54 gather_reward 23.2857142857 26.0 6.80341880342 5.09302325581 16.0 23.2857142857 0 0.735042735043 0.017094017094 0.119658119658 0.128205128205
82 0 44 go_charge 22.7142857143 25.0 6.5811965812 4.73255813953 15.0 22.7142857143 0 0.735042735043 0.025641025641 0.119658119658 0.119658119658
83 1 59 gather_reward 28.6666666667 25.0 6.95726495726 4.88505747126 28.6666666667 20.2 0 0.74358974359 0.025641025641 0.128205128205 0.102564102564
84 0 49 gather_reward 22.0625 26.0 6.95726495726 5.06593406593 22.0625 0 0.777777777778 0.136752136752 0.0854700854701
85 0 38 go_charge 21.9375 30.0 6.53846153846 21.9375 4.36956521739 12.0 0 0.136752136752 0.786324786325 0.00854700854701 0.0683760683761
86 1 50 gather_reward 21.75 32.0 6.5811965812 21.75 12.5 4.4606741573 0 0.136752136752 0.017094017094 0.760683760684 0.0854700854701
87 0 40 go_charge 22.4 34.0 6.88034188034 4.86666666667 15.5 22.4 0 0.769230769231 0.017094017094 0.128205128205 0.0854700854701
88 1 51 gather_reward 18.4 17.0 7.34188034188 5.08791208791 18.4 25.3333333333 0 0.777777777778 0.042735042735 0.102564102564 0.0769230769231
89 0 39 go_charge 19.6 16.0 7.88888888889 5.30107526882 27.0 19.6 35.0 0 0.794871794872 0.0940170940171 0.042735042735 0.00854700854701 0.0598290598291
90 1 52 gather_reward 20.2857142857 17.0 6.70085470085 12.3333333333 4.98876404494 29.0 20.2857142857 0 0.0769230769231 0.760683760684 0.025641025641 0.0598290598291 0.0769230769231
91 0 42 go_charge 16.6363636364 12.0 6.51282051282 30.5 16.6363636364 5.02197802198 0 0.034188034188 0.0940170940171 0.777777777778 0.0940170940171
92 1 58 stay_charging 5.20689655172 6.0 6.40170940171 28.5 16.5454545455 5.20689655172 0 0.034188034188 0.0940170940171 0.74358974359 0.128205128205
93 1 74 gather_reward 5.18181818182 6.0 6.05128205128 12.1428571429 5.18181818182 20.0 27.0 0 0.0598290598291 0.752136752137 0.0598290598291 0.00854700854701 0.119658119658
94 0 64 gather_reward 4.57471264368 6.0 5.47008547009 9.5 4.57471264368 14.5 19.5 0 0.0512820512821 0.74358974359 0.017094017094 0.0683760683761 0.119658119658
95 0 53 gather_reward 4.55813953488 6.0 4.98290598291 15.5 19.6666666667 9.18181818182 4.55813953488 0 0.017094017094 0.025641025641 0.0940170940171 0.735042735043 0.128205128205
96 0 43 gather_reward 4.67948717949 5.0 3.96581196581 15.0 18.0 4.67948717949 9.0 0 0.025641025641 0.00854700854701 0.666666666667 0.034188034188 0.264957264957
97 0 33 go_charge 2.86486486486 4.0 3.25641025641 11.0 2.86486486486 7.6 5.375 0 0.017094017094 0.316239316239 0.042735042735 0.34188034188 0.282051282051
98 1 44 stay_charging 2.03703703704 3.0 2.93162393162 2.03703703704 5.23636363636 0 0.230769230769 0.470085470085 0.299145299145
99 1 57 stay_charging 2.06666666667 3.0 3.02564102564 2.06666666667 8.2 5.70454545455 0 0.25641025641 0.042735042735 0.376068376068 0.324786324786
100 1 73 gather_reward 2.5 2.0 2.87179487179 6.15 2.5 0 0.34188034188 0.307692307692 0.350427350427
101 0 63 go_charge 0.0 1.0 2.65811965812 5.86111111111 2.63157894737 0 0.307692307692 0.324786324786 0.367521367521
102 1 79 gather_reward 1.85 1.0 2.70085470085 1.85 5.36538461538 0 0.17094017094 0.444444444444 0.384615384615
103 0 69 gather_reward 2.13636363636 2.0 2.47863247863 2.13636363636 5.17021276596 0 0.188034188034 0.401709401709 0.410256410256
104 0 59 go_charge 2.08695652174 2.0 2.38461538462 2.08695652174 5.13333333333 0 0.196581196581 0.384615384615 0.418803418803
105 1 70 stay_charging 0.0 1.0 2.44444444444 0 2 3 4 5 6 0.418803418803 0.136752136752 0.042735042735 0.102564102564 0.162393162393 0.136752136752
106 1 88 stay_charging 0.0 1.0 2.38461538462 2.08695652174 5.13333333333 0 0.196581196581 0.384615384615 0.418803418803
107 1 100 gather_reward 1.95238095238 2.0 2.45299145299 1.95238095238 5.125 0 0.179487179487 0.410256410256 0.410256410256
108 0 89 gather_reward 3.0 3.0 2.39316239316 0 2 3 4 5 6 0.418803418803 0.153846153846 0.042735042735 0.102564102564 0.145299145299 0.136752136752
109 0 79 gather_reward 5.125 4.0 2.45299145299 1.95238095238 5.125 0 0.179487179487 0.410256410256 0.410256410256
110 0 69 go_charge 1.94736842105 2.0 2.48717948718 1.94736842105 5.18367346939 0 0.162393162393 0.418803418803 0.418803418803
111 1 86 stay_charging 0.0 1.0 2.65811965812 2.5 8.5 5.725 0 0.222222222222 0.017094017094 0.34188034188 0.418803418803
112 1 100 gather_reward 2.05 3.0 2.78632478632 2.05 8.2 5.54545454545 0 0.17094017094 0.042735042735 0.376068376068 0.410256410256
113 0 88 gather_reward 2.5 2.0 2.87179487179 6.3023255814 2.5 0 0.367521367521 0.222222222222 0.410256410256
114 0 78 go_charge 0.0 1.0 2.84615384615 6.42105263158 2.78125 0 0.324786324786 0.273504273504 0.401709401709
115 1 95 gather_reward 2.04761904762 3.0 2.89743589744 2.04761904762 8.33333333333 5.72093023256 0 0.179487179487 0.0512820512821 0.367521367521 0.401709401709
116 0 85 gather_reward 2.42307692308 2.0 2.8547008547 2.42307692308 8.33333333333 5.85714285714 0 0.222222222222 0.025641025641 0.358974358974 0.393162393162
117 0 75 go_charge 0.0 1.0 2.7094017094 2.55172413793 8.33333333333 5.73684210526 0 0.247863247863 0.025641025641 0.324786324786 0.401709401709
118 1 92 stay_charging 0.0 1.0 2.83760683761 2.51612903226 9.33333333333 5.94736842105 0 0.264957264957 0.025641025641 0.324786324786 0.384615384615
119 1 100 gather_reward 2.32142857143 3.0 3.28205128205 22.5 2.32142857143 6.2619047619 11.0 0 0.017094017094 0.239316239316 0.358974358974 0.00854700854701 0.376068376068
120 0 89 gather_reward 4.93846153846 4.0 5.18803418803 20.0833333333 4.93846153846 45.0 0 0.102564102564 0.555555555556 0.00854700854701 0.333333333333
121 0 79 gather_reward 4.67605633803 5.0 5.52136752137 4.67605633803 20.6923076923 45.0 0 0.606837606838 0.111111111111 0.00854700854701 0.273504273504
122 0 69 gather_reward 4.84722222222 5.0 5.66666666667 4.84722222222 20.6923076923 45.0 0 0.615384615385 0.111111111111 0.00854700854701 0.264957264957
123 0 57 go_charge 4.75342465753 3.0 6.0 4.75342465753 20.3125 30.0 0 0.623931623932 0.136752136752 0.00854700854701 0.230769230769
124 1 72 stay_charging 4.50649350649 6.0 5.95726495726 4.50649350649 21.3333333333 30.0 0 0.65811965812 0.128205128205 0.00854700854701 0.205128205128
125 1 90 gather_reward 4.82666666667 10.0 6.23931623932 4.82666666667 23.0 0 0.641025641026 0.136752136752 0.222222222222
126 0 80 gather_reward 5.11392405063 7.0 6.48717948718 5.11392405063 16.0 23.0714285714 0 0.675213675214 0.017094017094 0.119658119658 0.188034188034
127 0 70 gather_reward 5.20987654321 7.0 6.86324786325 5.20987654321 16.0 23.2666666667 0 0.692307692308 0.017094017094 0.128205128205 0.162393162393
128 0 60 go_charge 5.0 8.0 6.94017094017 5.0 22.0 30.0 0 0.735042735043 0.136752136752 0.00854700854701 0.119658119658
129 1 76 gather_reward 5.09302325581 6.0 6.80341880342 5.09302325581 16.0 23.2857142857 0 0.735042735043 0.017094017094 0.119658119658 0.128205128205
130 0 65 go_charge 4.73255813953 6.0 6.5811965812 4.73255813953 15.0 22.7142857143 0 0.735042735043 0.025641025641 0.119658119658 0.119658119658
131 1 81 gather_reward 4.88505747126 8.0 6.95726495726 4.88505747126 28.6666666667 20.2 0 0.74358974359 0.025641025641 0.128205128205 0.102564102564
132 0 72 gather_reward 5.06593406593 7.0 6.95726495726 5.06593406593 22.0625 0 0.777777777778 0.136752136752 0.0854700854701
133 0 60 go_charge 4.36956521739 5.0 6.53846153846 21.9375 4.36956521739 12.0 0 0.136752136752 0.786324786325 0.00854700854701 0.0683760683761
134 1 71 stay_charging 4.4606741573 6.0 6.5811965812 21.75 12.5 4.4606741573 0 0.136752136752 0.017094017094 0.760683760684 0.0854700854701
135 1 89 gather_reward 4.86666666667 8.0 6.88034188034 4.86666666667 15.5 22.4 0 0.769230769231 0.017094017094 0.128205128205 0.0854700854701
136 0 77 go_charge 5.08791208791 6.0 7.34188034188 5.08791208791 18.4 25.3333333333 0 0.777777777778 0.042735042735 0.102564102564 0.0769230769231
137 1 88 gather_reward 5.30107526882 8.0 7.88888888889 5.30107526882 27.0 19.6 35.0 0 0.794871794872 0.0940170940171 0.042735042735 0.00854700854701 0.0598290598291
138 0 77 gather_reward 12.3333333333 11.0 6.70085470085 12.3333333333 4.98876404494 29.0 20.2857142857 0 0.0769230769231 0.760683760684 0.025641025641 0.0598290598291 0.0769230769231
139 0 67 go_charge 5.02197802198 7.0 6.51282051282 30.5 16.6363636364 5.02197802198 0 0.034188034188 0.0940170940171 0.777777777778 0.0940170940171
140 1 83 gather_reward 5.20689655172 3.0 6.40170940171 28.5 16.5454545455 5.20689655172 0 0.034188034188 0.0940170940171 0.74358974359 0.128205128205
141 0 73 gather_reward 5.18181818182 3.0 6.05128205128 12.1428571429 5.18181818182 20.0 27.0 0 0.0598290598291 0.752136752137 0.0598290598291 0.00854700854701 0.119658119658
142 0 62 go_charge 0.0 2.0 5.47008547009 9.5 4.57471264368 14.5 19.5 0 0.0512820512821 0.74358974359 0.017094017094 0.0683760683761 0.119658119658
143 1 79 stay_charging 0.0 2.0 4.98290598291 15.5 19.6666666667 9.18181818182 4.55813953488 0 0.017094017094 0.025641025641 0.0940170940171 0.735042735043 0.128205128205
