time charging battery action matched_reward actual_reward exp_reward  cluster_vals prob_vals
0 1 70 stay_charging 25.0588235294 43.0 33.7166666667 120.083333333 25.0588235294 69.3076923077 0 0.1 0.566666666667 0.108333333333 0.225
1 1 87 gather_reward 25.8026315789 35.0 31.2666666667 25.8026315789 86.5454545455 839.0 0 0.633333333333 0.0916666666667 0.00833333333333 0.266666666667
2 0 77 gather_reward 29.8333333333 23.0 36.1 29.8333333333 843.0 983.0 0 0.7 0.00833333333333 0.00833333333333 0.283333333333
3 0 65 go_charge 418.307692308 488.0 117.05 28.1746031746 418.307692308 913.833333333 1350.0 0 0.525 0.108333333333 0.05 0.00833333333333 0.308333333333
4 1 76 gather_reward 496.5 491.0 109.058333333 40.6461538462 913.333333333 496.5 0 0.541666666667 0.05 0.0833333333333 0.325
5 0 65 go_charge 21.0746268657 17.0 21.05 21.0746268657 108.0 69.5 203.0 0 0.558333333333 0.0166666666667 0.0833333333333 0.00833333333333 0.333333333333
6 1 76 gather_reward 26.5671641791 17.0 35.825 26.5671641791 144.857142857 885.0 620.0 0 0.558333333333 0.0583333333333 0.00833333333333 0.00833333333333 0.366666666667
7 0 64 go_charge 29.8333333333 24.0 30.9 29.8333333333 900.0 660.0 0 0.6 0.00833333333333 0.00833333333333 0.383333333333
8 1 81 stay_charging 20.7462686567 18.0 16.8416666667 20.7462686567 61.0 96.5 194.0 0 0.558333333333 0.0333333333333 0.0166666666667 0.00833333333333 0.383333333333
9 1 99 stay_charging 0.0 6.0 17.825 20.8676470588 116.25 72.0 183.0 0 0.566666666667 0.0333333333333 0.00833333333333 0.00833333333333 0.383333333333
10 1 100 stay_charging 13.7111111111 24.0 16.6833333333 147.0 61.3333333333 13.7111111111 36.28 0 0.0166666666667 0.025 0.375 0.208333333333 0.375
11 1 100 gather_reward 18.873015873 34.0 15.8583333333 100.0 123.0 61.375 18.873015873 0 0.00833333333333 0.00833333333333 0.0666666666667 0.525 0.391666666667
12 0 89 gather_reward 131.047619048 196.0 39.5333333333 20.0392156863 131.047619048 970.0 0 0.425 0.175 0.00833333333333 0.391666666667
13 0 79 gather_reward 204.869565217 192.0 58.2083333333 25.0638297872 204.869565217 1095.0 0 0.391666666667 0.191666666667 0.00833333333333 0.408333333333
14 0 69 gather_reward 129.444444444 133.0 46.4666666667 19.9333333333 234.9 129.444444444 0 0.375 0.0833333333333 0.15 0.391666666667
15 0 57 gather_reward 261.666666667 247.0 54.475 20.5217391304 140.2 261.666666667 414.0 805.0 0 0.383333333333 0.166666666667 0.05 0.00833333333333 0.00833333333333 0.383333333333
16 0 46 gather_reward 190.05 278.0 70.8083333333 25.4489795918 190.05 377.0 1132.0 808.0 0 0.408333333333 0.166666666667 0.00833333333333 0.0166666666667 0.00833333333333 0.391666666667
17 0 36 go_charge 206.45 300.0 66.4 27.32 206.45 761.0 473.0 1239.0 0 0.416666666667 0.166666666667 0.00833333333333 0.00833333333333 0.00833333333333 0.391666666667
18 1 52 gather_reward 204.0 221.0 56.1583333333 22.2916666667 204.0 569.0 0 0.4 0.208333333333 0.00833333333333 0.383333333333
19 0 43 gather_reward 218.266666667 130.0 58.1083333333 32.3454545455 218.266666667 343.0 497.0 1080.0 0 0.458333333333 0.125 0.00833333333333 0.00833333333333 0.00833333333333 0.391666666667
20 0 33 go_charge 171.136363636 112.0 54.2166666667 21.9245283019 303.0 171.136363636 973.0 0 0.441666666667 0.0166666666667 0.183333333333 0.00833333333333 0.35
21 1 46 gather_reward 56.2985074627 114.0 140.425 56.2985074627 1170.5 834.272727273 1561.0 0 0.558333333333 0.0166666666667 0.0916666666667 0.00833333333333 0.325
22 0 37 go_charge 46.5901639344 325.0 199.858333333 46.5901639344 971.6 1709.0 0 0.508333333333 0.166666666667 0.00833333333333 0.316666666667
23 1 50 gather_reward 357.111111111 344.0 126.841666667 1007.0 733.9 357.111111111 40.2121212121 0 0.0166666666667 0.0833333333333 0.075 0.55 0.275
24 0 41 go_charge 306.8 237.0 70.2166666667 306.8 20.6785714286 162.72 1082.0 584.0 0 0.0416666666667 0.466666666667 0.208333333333 0.00833333333333 0.00833333333333 0.266666666667
25 1 54 stay_charging 172.935483871 227.0 69.1666666667 22.5087719298 172.935483871 577.0 1079.0 0 0.475 0.258333333333 0.00833333333333 0.00833333333333 0.25
26 1 66 stay_charging 152.0 121.0 71.2166666667 610.5 21.9491525424 152.0 1166.0 0 0.0166666666667 0.491666666667 0.266666666667 0.00833333333333 0.216666666667
27 1 78 stay_charging 791.454545455 846.0 160.441666667 1289.5 54.972972973 487.5 791.454545455 0 0.0166666666667 0.616666666667 0.0666666666667 0.0916666666667 0.208333333333
28 1 96 gather_reward 1332.16666667 1241.0 256.775 1332.16666667 1784.0 30.2 681.178571429 0 0.05 0.00833333333333 0.541666666667 0.233333333333 0.166666666667
29 0 86 gather_reward 934.791666667 536.0 277.183333333 61.4246575342 1585.75 934.791666667 0 0.608333333333 0.0333333333333 0.2 0.158333333333
30 0 72 go_charge 26.1846153846 256.0 314.083333333 26.1846153846 1620.57142857 849.793103448 0 0.541666666667 0.0583333333333 0.241666666667 0.158333333333
31 1 83 gather_reward 64.5694444444 571.0 306.758333333 64.5694444444 1160.76923077 1982.0 0 0.6 0.216666666667 0.00833333333333 0.175
32 0 73 gather_reward 463.923076923 438.0 158.025 42.9350649351 463.923076923 1095.0 826.222222222 0 0.641666666667 0.108333333333 0.0166666666667 0.075 0.158333333333
33 0 63 gather_reward 88.25 77.0 33.15 12.5714285714 40.7205882353 88.25 128.0 160.0 0 0.291666666667 0.566666666667 0.0333333333333 0.0166666666667 0.00833333333333 0.0833333333333
34 0 49 go_charge 48.5897435897 59.0 31.9666666667 100.333333333 19.6911764706 48.5897435897 0 0.05 0.566666666667 0.325 0.0583333333333
35 1 61 stay_charging 25.49 24.0 34.3583333333 25.49 118.5 79.75 699.0 0 0.833333333333 0.0166666666667 0.0666666666667 0.00833333333333 0.075
36 1 78 stay_charging 29.0970873786 37.0 35.2416666667 29.0970873786 96.5 152.0 694.0 0 0.858333333333 0.0333333333333 0.00833333333333 0.00833333333333 0.0916666666667
37 1 96 gather_reward 130.6 91.0 64.5666666667 27.4487179487 130.6 988.0 701.0 0 0.65 0.25 0.00833333333333 0.00833333333333 0.0833333333333
38 0 87 go_charge 37.1707317073 74.0 107.0 37.1707317073 360.5 218.0 520.5 674.0 1063.0 843.0 0 0.683333333333 0.0166666666667 0.208333333333 0.0166666666667 0.00833333333333 0.00833333333333 0.00833333333333 0.05
39 1 99 gather_reward 804.941176471 924.0 235.425 38.9259259259 397.6 804.941176471 1239.66666667 0 0.675 0.0833333333333 0.141666666667 0.05 0.05
40 0 90 go_charge 1769.25 1938.0 367.35 39.3333333333 1769.25 1033.07692308 0 0.65 0.0666666666667 0.216666666667 0.0666666666667
41 1 99 gather_reward 1094.28571429 1089.0 237.533333333 1094.28571429 38.3289473684 540.578947368 0 0.116666666667 0.633333333333 0.158333333333 0.0916666666667
42 0 88 go_charge 558.0 487.0 107.333333333 962.0 1200.0 28.3802816901 239.558823529 558.0 0 0.00833333333333 0.00833333333333 0.591666666667 0.283333333333 0.00833333333333 0.1
43 1 99 gather_reward 327.25 432.0 78.7916666667 850.0 1070.0 327.25 29.0263157895 143.571428571 0 0.00833333333333 0.00833333333333 0.0333333333333 0.633333333333 0.233333333333 0.0833333333333
44 0 89 gather_reward 30.5833333333 19.0 40.4833333333 113.428571429 30.5833333333 317.0 811.0 0 0.0583333333333 0.8 0.00833333333333 0.00833333333333 0.125
45 0 79 gather_reward 28.9263157895 26.0 43.65 228.0 28.9263157895 117.375 867.0 0 0.025 0.791666666667 0.0666666666667 0.00833333333333 0.108333333333
46 0 67 go_charge 21.6025641026 20.0 38.7333333333 21.6025641026 68.6818181818 136.5 187.0 719.0 0 0.65 0.183333333333 0.0333333333333 0.00833333333333 0.00833333333333 0.116666666667
47 1 84 gather_reward 76.1111111111 110.0 36.85 23.9565217391 76.1111111111 714.0 0 0.575 0.225 0.00833333333333 0.191666666667
48 0 74 go_charge 25.0588235294 24.0 33.7166666667 120.083333333 25.0588235294 69.3076923077 0 0.1 0.566666666667 0.108333333333 0.225
49 1 91 stay_charging 25.8026315789 20.0 31.2666666667 25.8026315789 86.5454545455 839.0 0 0.633333333333 0.0916666666667 0.00833333333333 0.266666666667
50 1 100 gather_reward 29.8333333333 29.0 36.1 29.8333333333 843.0 983.0 0 0.7 0.00833333333333 0.00833333333333 0.283333333333
51 0 88 go_charge 28.1746031746 111.0 117.05 28.1746031746 418.307692308 913.833333333 1350.0 0 0.525 0.108333333333 0.05 0.00833333333333 0.308333333333
52 1 99 gather_reward 40.6461538462 105.0 109.058333333 40.6461538462 913.333333333 496.5 0 0.541666666667 0.05 0.0833333333333 0.325
53 0 88 go_charge 21.0746268657 19.0 21.05 21.0746268657 108.0 69.5 203.0 0 0.558333333333 0.0166666666667 0.0833333333333 0.00833333333333 0.333333333333
54 1 99 gather_reward 26.5671641791 19.0 35.825 26.5671641791 144.857142857 885.0 620.0 0 0.558333333333 0.0583333333333 0.00833333333333 0.00833333333333 0.366666666667
55 0 90 go_charge 29.8333333333 20.0 30.9 29.8333333333 900.0 660.0 0 0.6 0.00833333333333 0.00833333333333 0.383333333333
56 1 99 gather_reward 20.7462686567 19.0 16.8416666667 20.7462686567 61.0 96.5 194.0 0 0.558333333333 0.0333333333333 0.0166666666667 0.00833333333333 0.383333333333
57 0 89 gather_reward 20.8676470588 23.0 17.825 20.8676470588 116.25 72.0 183.0 0 0.566666666667 0.0333333333333 0.00833333333333 0.00833333333333 0.383333333333
58 0 79 gather_reward 13.7111111111 20.0 16.6833333333 147.0 61.3333333333 13.7111111111 36.28 0 0.0166666666667 0.025 0.375 0.208333333333 0.375
59 0 67 go_charge 18.873015873 11.0 15.8583333333 100.0 123.0 61.375 18.873015873 0 0.00833333333333 0.00833333333333 0.0666666666667 0.525 0.391666666667
60 1 83 stay_charging 20.0392156863 44.0 39.5333333333 20.0392156863 131.047619048 970.0 0 0.425 0.175 0.00833333333333 0.391666666667
61 1 97 stay_charging 25.0638297872 101.0 58.2083333333 25.0638297872 204.869565217 1095.0 0 0.391666666667 0.191666666667 0.00833333333333 0.408333333333
62 1 100 gather_reward 129.444444444 141.0 46.4666666667 19.9333333333 234.9 129.444444444 0 0.375 0.0833333333333 0.15 0.391666666667
63 0 89 gather_reward 140.2 83.0 54.475 20.5217391304 140.2 261.666666667 414.0 805.0 0 0.383333333333 0.166666666667 0.05 0.00833333333333 0.00833333333333 0.383333333333
64 0 79 gather_reward 25.4489795918 91.0 70.8083333333 25.4489795918 190.05 377.0 1132.0 808.0 0 0.408333333333 0.166666666667 0.00833333333333 0.0166666666667 0.00833333333333 0.391666666667
65 0 68 gather_reward 206.45 204.0 66.4 27.32 206.45 761.0 473.0 1239.0 0 0.416666666667 0.166666666667 0.00833333333333 0.00833333333333 0.00833333333333 0.391666666667
66 0 54 go_charge 204.0 207.0 56.1583333333 22.2916666667 204.0 569.0 0 0.4 0.208333333333 0.00833333333333 0.383333333333
67 1 70 gather_reward 218.266666667 129.0 58.1083333333 32.3454545455 218.266666667 343.0 497.0 1080.0 0 0.458333333333 0.125 0.00833333333333 0.00833333333333 0.00833333333333 0.391666666667
68 0 58 go_charge 21.9245283019 95.0 54.2166666667 21.9245283019 303.0 171.136363636 973.0 0 0.441666666667 0.0166666666667 0.183333333333 0.00833333333333 0.35
69 1 69 gather_reward 56.2985074627 425.0 140.425 56.2985074627 1170.5 834.272727273 1561.0 0 0.558333333333 0.0166666666667 0.0916666666667 0.00833333333333 0.325
70 0 59 go_charge 46.5901639344 372.0 199.858333333 46.5901639344 971.6 1709.0 0 0.508333333333 0.166666666667 0.00833333333333 0.316666666667
71 1 75 stay_charging 40.2121212121 110.0 126.841666667 1007.0 733.9 357.111111111 40.2121212121 0 0.0166666666667 0.0833333333333 0.075 0.55 0.275
72 1 93 gather_reward 162.72 213.0 70.2166666667 306.8 20.6785714286 162.72 1082.0 584.0 0 0.0416666666667 0.466666666667 0.208333333333 0.00833333333333 0.00833333333333 0.266666666667
73 0 79 gather_reward 172.935483871 216.0 69.1666666667 22.5087719298 172.935483871 577.0 1079.0 0 0.475 0.258333333333 0.00833333333333 0.00833333333333 0.25
74 0 69 gather_reward 152.0 216.0 71.2166666667 610.5 21.9491525424 152.0 1166.0 0 0.0166666666667 0.491666666667 0.266666666667 0.00833333333333 0.216666666667
75 0 55 gather_reward 791.454545455 776.0 160.441666667 1289.5 54.972972973 487.5 791.454545455 0 0.0166666666667 0.616666666667 0.0666666666667 0.0916666666667 0.208333333333
76 0 45 gather_reward 1784.0 1592.0 256.775 1332.16666667 1784.0 30.2 681.178571429 0 0.05 0.00833333333333 0.541666666667 0.233333333333 0.166666666667
77 0 35 go_charge 1585.75 1469.0 277.183333333 61.4246575342 1585.75 934.791666667 0 0.608333333333 0.0333333333333 0.2 0.158333333333
78 1 51 gather_reward 849.793103448 790.0 314.083333333 26.1846153846 1620.57142857 849.793103448 0 0.541666666667 0.0583333333333 0.241666666667 0.158333333333
79 0 40 go_charge 1160.76923077 831.0 306.758333333 64.5694444444 1160.76923077 1982.0 0 0.6 0.216666666667 0.00833333333333 0.175
80 1 53 gather_reward 463.923076923 611.0 158.025 42.9350649351 463.923076923 1095.0 826.222222222 0 0.641666666667 0.108333333333 0.0166666666667 0.075 0.158333333333
81 0 43 gather_reward 40.7205882353 38.0 33.15 12.5714285714 40.7205882353 88.25 128.0 160.0 0 0.291666666667 0.566666666667 0.0333333333333 0.0166666666667 0.00833333333333 0.0833333333333
82 0 33 go_charge 48.5897435897 43.0 31.9666666667 100.333333333 19.6911764706 48.5897435897 0 0.05 0.566666666667 0.325 0.0583333333333
83 1 46 gather_reward 25.49 38.0 34.3583333333 25.49 118.5 79.75 699.0 0 0.833333333333 0.0166666666667 0.0666666666667 0.00833333333333 0.075
84 0 35 go_charge 29.0970873786 24.0 35.2416666667 29.0970873786 96.5 152.0 694.0 0 0.858333333333 0.0333333333333 0.00833333333333 0.00833333333333 0.0916666666667
85 1 48 gather_reward 130.6 123.0 64.5666666667 27.4487179487 130.6 988.0 701.0 0 0.65 0.25 0.00833333333333 0.00833333333333 0.0833333333333
86 0 38 go_charge 218.0 167.0 107.0 37.1707317073 360.5 218.0 520.5 674.0 1063.0 843.0 0 0.683333333333 0.0166666666667 0.208333333333 0.0166666666667 0.00833333333333 0.00833333333333 0.00833333333333 0.05
87 1 50 gather_reward 804.941176471 762.0 235.425 38.9259259259 397.6 804.941176471 1239.66666667 0 0.675 0.0833333333333 0.141666666667 0.05 0.05
88 0 40 go_charge 1769.25 1473.0 367.35 39.3333333333 1769.25 1033.07692308 0 0.65 0.0666666666667 0.216666666667 0.0666666666667
89 1 51 gather_reward 540.578947368 779.0 237.533333333 1094.28571429 38.3289473684 540.578947368 0 0.116666666667 0.633333333333 0.158333333333 0.0916666666667
90 0 39 go_charge 28.3802816901 72.0 107.333333333 962.0 1200.0 28.3802816901 239.558823529 558.0 0 0.00833333333333 0.00833333333333 0.591666666667 0.283333333333 0.00833333333333 0.1
91 1 51 gather_reward 29.0263157895 70.0 78.7916666667 850.0 1070.0 327.25 29.0263157895 143.571428571 0 0.00833333333333 0.00833333333333 0.0333333333333 0.633333333333 0.233333333333 0.0833333333333
92 0 39 go_charge 0.0 11.0 40.4833333333 113.428571429 30.5833333333 317.0 811.0 0 0.0583333333333 0.8 0.00833333333333 0.00833333333333 0.125
93 1 52 stay_charging 0.0 8.0 43.65 228.0 28.9263157895 117.375 867.0 0 0.025 0.791666666667 0.0666666666667 0.00833333333333 0.108333333333
94 1 69 gather_reward 0.0 8.0 38.7333333333 21.6025641026 68.6818181818 136.5 187.0 719.0 0 0.65 0.183333333333 0.0333333333333 0.00833333333333 0.00833333333333 0.116666666667
95 0 59 go_charge 23.9565217391 15.0 36.85 23.9565217391 76.1111111111 714.0 0 0.575 0.225 0.00833333333333 0.191666666667
96 1 70 stay_charging 0.0 12.0 33.7166666667 120.083333333 25.0588235294 69.3076923077 0 0.1 0.566666666667 0.108333333333 0.225
97 1 82 gather_reward 25.8026315789 32.0 31.2666666667 25.8026315789 86.5454545455 839.0 0 0.633333333333 0.0916666666667 0.00833333333333 0.266666666667
98 0 72 gather_reward 29.8333333333 36.0 36.1 29.8333333333 843.0 983.0 0 0.7 0.00833333333333 0.00833333333333 0.283333333333
99 0 61 gather_reward 28.1746031746 104.0 117.05 28.1746031746 418.307692308 913.833333333 1350.0 0 0.525 0.108333333333 0.05 0.00833333333333 0.308333333333
100 0 51 gather_reward 40.6461538462 97.0 109.058333333 40.6461538462 913.333333333 496.5 0 0.541666666667 0.05 0.0833333333333 0.325
101 0 40 go_charge 21.0746268657 24.0 21.05 21.0746268657 108.0 69.5 203.0 0 0.558333333333 0.0166666666667 0.0833333333333 0.00833333333333 0.333333333333
102 1 53 gather_reward 26.5671641791 28.0 35.825 26.5671641791 144.857142857 885.0 620.0 0 0.558333333333 0.0583333333333 0.00833333333333 0.00833333333333 0.366666666667
103 0 43 gather_reward 29.8333333333 20.0 30.9 29.8333333333 900.0 660.0 0 0.6 0.00833333333333 0.00833333333333 0.383333333333
104 0 33 go_charge 20.7462686567 26.0 16.8416666667 20.7462686567 61.0 96.5 194.0 0 0.558333333333 0.0333333333333 0.0166666666667 0.00833333333333 0.383333333333
105 1 46 gather_reward 20.8676470588 21.0 17.825 20.8676470588 116.25 72.0 183.0 0 0.566666666667 0.0333333333333 0.00833333333333 0.00833333333333 0.383333333333
106 0 35 go_charge 13.7111111111 22.0 16.6833333333 147.0 61.3333333333 13.7111111111 36.28 0 0.0166666666667 0.025 0.375 0.208333333333 0.375
107 1 48 gather_reward 61.375 45.0 15.8583333333 100.0 123.0 61.375 18.873015873 0 0.00833333333333 0.00833333333333 0.0666666666667 0.525 0.391666666667
108 0 38 go_charge 131.047619048 137.0 39.5333333333 20.0392156863 131.047619048 970.0 0 0.425 0.175 0.00833333333333 0.391666666667
109 1 51 gather_reward 204.869565217 217.0 58.2083333333 25.0638297872 204.869565217 1095.0 0 0.391666666667 0.191666666667 0.00833333333333 0.408333333333
110 0 41 go_charge 234.9 204.0 46.4666666667 19.9333333333 234.9 129.444444444 0 0.375 0.0833333333333 0.15 0.391666666667
111 1 53 gather_reward 261.666666667 289.0 54.475 20.5217391304 140.2 261.666666667 414.0 805.0 0 0.383333333333 0.166666666667 0.05 0.00833333333333 0.00833333333333 0.383333333333
112 0 44 go_charge 808.0 706.0 70.8083333333 25.4489795918 190.05 377.0 1132.0 808.0 0 0.408333333333 0.166666666667 0.00833333333333 0.0166666666667 0.00833333333333 0.391666666667
113 1 56 gather_reward 473.0 515.0 66.4 27.32 206.45 761.0 473.0 1239.0 0 0.416666666667 0.166666666667 0.00833333333333 0.00833333333333 0.00833333333333 0.391666666667
114 0 43 gather_reward 22.2916666667 32.0 56.1583333333 22.2916666667 204.0 569.0 0 0.4 0.208333333333 0.00833333333333 0.383333333333
115 0 33 go_charge 32.3454545455 75.0 58.1083333333 32.3454545455 218.266666667 343.0 497.0 1080.0 0 0.458333333333 0.125 0.00833333333333 0.00833333333333 0.00833333333333 0.391666666667
116 1 46 gather_reward 171.136363636 198.0 54.2166666667 21.9245283019 303.0 171.136363636 973.0 0 0.441666666667 0.0166666666667 0.183333333333 0.00833333333333 0.35
117 0 36 go_charge 56.2985074627 422.0 140.425 56.2985074627 1170.5 834.272727273 1561.0 0 0.558333333333 0.0166666666667 0.0916666666667 0.00833333333333 0.325
118 1 52 gather_reward 971.6 963.0 199.858333333 46.5901639344 971.6 1709.0 0 0.508333333333 0.166666666667 0.00833333333333 0.316666666667
119 0 42 go_charge 733.9 791.0 126.841666667 1007.0 733.9 357.111111111 40.2121212121 0 0.0166666666667 0.0833333333333 0.075 0.55 0.275
120 1 58 gather_reward 306.8 237.0 70.2166666667 306.8 20.6785714286 162.72 1082.0 584.0 0 0.0416666666667 0.466666666667 0.208333333333 0.00833333333333 0.00833333333333 0.266666666667
121 0 46 gather_reward 172.935483871 204.0 69.1666666667 22.5087719298 172.935483871 577.0 1079.0 0 0.475 0.258333333333 0.00833333333333 0.00833333333333 0.25
122 0 32 go_charge 152.0 123.0 71.2166666667 610.5 21.9491525424 152.0 1166.0 0 0.0166666666667 0.491666666667 0.266666666667 0.00833333333333 0.216666666667
123 1 45 gather_reward 791.454545455 726.0 160.441666667 1289.5 54.972972973 487.5 791.454545455 0 0.0166666666667 0.616666666667 0.0666666666667 0.0916666666667 0.208333333333
124 0 35 go_charge 1332.16666667 1185.0 256.775 1332.16666667 1784.0 30.2 681.178571429 0 0.05 0.00833333333333 0.541666666667 0.233333333333 0.166666666667
125 1 46 gather_reward 934.791666667 692.0 277.183333333 61.4246575342 1585.75 934.791666667 0 0.608333333333 0.0333333333333 0.2 0.158333333333
126 0 36 go_charge 26.1846153846 273.0 314.083333333 26.1846153846 1620.57142857 849.793103448 0 0.541666666667 0.0583333333333 0.241666666667 0.158333333333
127 1 52 stay_charging 64.5694444444 609.0 306.758333333 64.5694444444 1160.76923077 1982.0 0 0.6 0.216666666667 0.00833333333333 0.175
128 1 69 gather_reward 463.923076923 541.0 158.025 42.9350649351 463.923076923 1095.0 826.222222222 0 0.641666666667 0.108333333333 0.0166666666667 0.075 0.158333333333
129 0 55 gather_reward 40.7205882353 51.0 33.15 12.5714285714 40.7205882353 88.25 128.0 160.0 0 0.291666666667 0.566666666667 0.0333333333333 0.0166666666667 0.00833333333333 0.0833333333333
130 0 46 gather_reward 19.6911764706 34.0 31.9666666667 100.333333333 19.6911764706 48.5897435897 0 0.05 0.566666666667 0.325 0.0583333333333
131 0 36 go_charge 25.49 38.0 34.3583333333 25.49 118.5 79.75 699.0 0 0.833333333333 0.0166666666667 0.0666666666667 0.00833333333333 0.075
132 1 49 stay_charging 29.0970873786 55.0 35.2416666667 29.0970873786 96.5 152.0 694.0 0 0.858333333333 0.0333333333333 0.00833333333333 0.00833333333333 0.0916666666667
133 1 62 stay_charging 130.6 150.0 64.5666666667 27.4487179487 130.6 988.0 701.0 0 0.65 0.25 0.00833333333333 0.00833333333333 0.0833333333333
134 1 79 gather_reward 218.0 243.0 107.0 37.1707317073 360.5 218.0 520.5 674.0 1063.0 843.0 0 0.683333333333 0.0166666666667 0.208333333333 0.0166666666667 0.00833333333333 0.00833333333333 0.00833333333333 0.05
135 0 69 gather_reward 804.941176471 648.0 235.425 38.9259259259 397.6 804.941176471 1239.66666667 0 0.675 0.0833333333333 0.141666666667 0.05 0.05
136 0 59 go_charge 1033.07692308 711.0 367.35 39.3333333333 1769.25 1033.07692308 0 0.65 0.0666666666667 0.216666666667 0.0666666666667
137 1 71 stay_charging 540.578947368 332.0 237.533333333 1094.28571429 38.3289473684 540.578947368 0 0.116666666667 0.633333333333 0.158333333333 0.0916666666667
138 1 89 gather_reward 239.558823529 326.0 107.333333333 962.0 1200.0 28.3802816901 239.558823529 558.0 0 0.00833333333333 0.00833333333333 0.591666666667 0.283333333333 0.00833333333333 0.1
139 0 79 gather_reward 143.571428571 205.0 78.7916666667 850.0 1070.0 327.25 29.0263157895 143.571428571 0 0.00833333333333 0.00833333333333 0.0333333333333 0.633333333333 0.233333333333 0.0833333333333
140 0 68 go_charge 30.5833333333 18.0 40.4833333333 113.428571429 30.5833333333 317.0 811.0 0 0.0583333333333 0.8 0.00833333333333 0.00833333333333 0.125
141 1 79 gather_reward 0.0 11.0 43.65 228.0 28.9263157895 117.375 867.0 0 0.025 0.791666666667 0.0666666666667 0.00833333333333 0.108333333333
142 0 69 gather_reward 21.6025641026 16.0 38.7333333333 21.6025641026 68.6818181818 136.5 187.0 719.0 0 0.65 0.183333333333 0.0333333333333 0.00833333333333 0.00833333333333 0.116666666667
143 0 59 go_charge 23.9565217391 24.0 36.85 23.9565217391 76.1111111111 714.0 0 0.575 0.225 0.00833333333333 0.191666666667
