time charging battery action matched_reward actual_reward exp_reward  cluster_vals prob_vals
0 1 70 gather_reward 22.1617647059 31.0 22.2307692308 46.9 22.1617647059 81.0 115.75 0 0.0854700854701 0.581196581197 0.017094017094 0.034188034188 0.282051282051
1 0 59 go_charge 22.6184210526 30.0 23.5811965812 66.5 22.6184210526 116.0 791.0 0 0.017094017094 0.649572649573 0.00854700854701 0.00854700854701 0.316239316239
2 1 73 gather_reward 792.0 983.0 22.3846153846 84.0 21.2837837838 792.0 0 0.025641025641 0.632478632479 0.00854700854701 0.333333333333
3 0 62 gather_reward 898.0 1350.0 89.4017094017 898.0 30.813559322 528.666666667 313.0 0 0.034188034188 0.504273504274 0.0512820512821 0.0512820512821 0.358974358974
4 0 51 gather_reward 476.222222222 383.0 87.5811965812 40.1694915254 897.75 476.222222222 0 0.504273504274 0.034188034188 0.0769230769231 0.384615384615
5 0 40 go_charge 19.3235294118 25.0 14.4957264957 19.3235294118 115.0 77.0 190.0 0 0.581196581197 0.00854700854701 0.00854700854701 0.00854700854701 0.393162393162
6 1 53 gather_reward 22.1384615385 36.0 27.6495726496 22.1384615385 130.0 195.0 880.0 591.0 0 0.555555555556 0.00854700854701 0.00854700854701 0.00854700854701 0.00854700854701 0.410256410256
7 0 42 gather_reward 21.9538461538 21.0 24.9316239316 21.9538461538 890.0 600.0 0 0.555555555556 0.00854700854701 0.00854700854701 0.42735042735
8 0 32 go_charge 17.7413793103 18.0 13.1452991453 42.375 17.7413793103 170.0 0 0.0683760683761 0.495726495726 0.00854700854701 0.42735042735
9 1 45 stay_charging 15.92 15.0 13.0427350427 35.0 15.92 170.0 0 0.136752136752 0.42735042735 0.00854700854701 0.42735042735
10 1 59 stay_charging 21.4102564103 14.0 13.094017094 36.6428571429 6.28571428571 21.4102564103 96.0 0 0.119658119658 0.119658119658 0.333333333333 0.00854700854701 0.418803418803
11 1 74 stay_charging 31.09375 23.0 13.2905982906 12.0303030303 31.09375 61.0 102.0 0 0.282051282051 0.273504273504 0.00854700854701 0.00854700854701 0.42735042735
12 1 89 gather_reward 180.857142857 970.0 30.9658119658 21.8510638298 180.857142857 102.307692308 0 0.401709401709 0.0598290598291 0.111111111111 0.42735042735
13 0 78 go_charge 196.434782609 1095.0 47.6239316239 23.9545454545 196.434782609 0 0.376068376068 0.196581196581 0.42735042735
14 1 92 gather_reward 135.714285714 164.0 45.188034188 21.8571428571 135.714285714 224.454545455 0 0.358974358974 0.119658119658 0.0940170940171 0.42735042735
15 0 81 go_charge 56.0 97.0 55.6923076923 56.0 257.0 414.0 798.0 0 0.495726495726 0.0683760683761 0.00854700854701 0.00854700854701 0.418803418803
16 1 95 gather_reward 76.09375 166.0 76.8888888889 76.09375 377.0 1120.0 754.5 0 0.547008547009 0.00854700854701 0.017094017094 0.017094017094 0.410256410256
17 0 84 gather_reward 208.45 194.0 71.7521367521 28.4444444444 208.45 488.5 752.0 1217.0 0 0.384615384615 0.17094017094 0.017094017094 0.00854700854701 0.00854700854701 0.410256410256
18 0 73 gather_reward 220.2 139.0 56.2735042735 220.2 32.8775510204 569.0 0 0.17094017094 0.418803418803 0.00854700854701 0.401709401709
19 0 62 go_charge 35.5192307692 89.0 55.7606837607 206.666666667 35.5192307692 497.0 1080.0 0 0.128205128205 0.444444444444 0.00854700854701 0.00854700854701 0.410256410256
20 1 76 gather_reward 155.086956522 191.0 53.3076923077 300.5 23.8260869565 155.086956522 973.0 0 0.017094017094 0.393162393162 0.196581196581 0.00854700854701 0.384615384615
21 0 65 go_charge 834.111111111 731.0 134.111111111 423.5 59.2542372881 1150.0 834.111111111 1541.0 0 0.017094017094 0.504273504274 0.017094017094 0.0769230769231 0.00854700854701 0.376068376068
22 1 79 stay_charging 918.9375 940.0 194.205128205 61.5789473684 1503.0 918.9375 0 0.487179487179 0.025641025641 0.136752136752 0.350427350427
23 1 94 gather_reward 367.111111111 449.0 126.632478632 1003.5 750.0 367.111111111 44.435483871 0 0.017094017094 0.0769230769231 0.0769230769231 0.529914529915 0.299145299145
24 0 83 go_charge 236.0 173.0 70.5042735043 50.2388059701 236.0 388.0 1079.0 584.0 0 0.57264957265 0.102564102564 0.00854700854701 0.00854700854701 0.00854700854701 0.299145299145
25 1 97 gather_reward 36.064516129 109.0 69.1196581197 199.761904762 36.064516129 577.0 1079.0 0 0.179487179487 0.529914529915 0.00854700854701 0.00854700854701 0.273504273504
26 0 85 gather_reward 155.928571429 140.0 68.9914529915 602.0 23.0344827586 155.928571429 1166.0 0 0.017094017094 0.495726495726 0.239316239316 0.00854700854701 0.239316239316
27 0 74 gather_reward 482.714285714 485.0 167.444444444 50.2835820896 1282.0 482.714285714 790.692307692 0 0.57264957265 0.017094017094 0.0598290598291 0.111111111111 0.239316239316
28 0 63 go_charge 1375.77777778 1355.0 267.307692308 1375.77777778 25.3275862069 670.153846154 0 0.0769230769231 0.495726495726 0.222222222222 0.205128205128
29 1 77 gather_reward 1562.0 1525.0 269.794871795 34.9836065574 1562.0 1041.0 574.0 0 0.521367521368 0.034188034188 0.119658119658 0.128205128205 0.196581196581
30 0 66 gather_reward 936.363636364 666.0 306.675213675 59.0735294118 1609.14285714 936.363636364 0 0.581196581197 0.0598290598291 0.188034188034 0.17094017094
31 0 55 go_charge 788.166666667 863.0 307.709401709 37.1111111111 1348.84615385 788.166666667 1942.0 0 0.538461538462 0.111111111111 0.153846153846 0.00854700854701 0.188034188034
32 1 68 gather_reward 804.0 746.0 153.188034188 51.9480519481 511.083333333 1081.0 804.0 0 0.65811965812 0.102564102564 0.017094017094 0.0598290598291 0.162393162393
33 0 57 go_charge 36.1132075472 36.0 26.452991453 68.3333333333 14.1111111111 36.1132075472 136.0 0 0.0512820512821 0.384615384615 0.452991452991 0.00854700854701 0.102564102564
34 1 70 stay_charging 45.875 42.0 25.5897435897 93.0 113.0 45.875 20.8271604938 0 0.00854700854701 0.00854700854701 0.205128205128 0.692307692308 0.0854700854701
35 1 85 gather_reward 106.0 116.0 27.4444444444 21.6380952381 67.0 106.0 699.0 0 0.897435897436 0.017094017094 0.00854700854701 0.00854700854701 0.0683760683761
36 0 74 go_charge 91.5 121.0 28.1367521368 23.6764705882 91.5 694.0 0 0.871794871795 0.017094017094 0.00854700854701 0.102564102564
37 1 88 stay_charging 24.8904109589 58.0 58.9743589744 24.8904109589 111.64516129 946.0 676.0 0 0.623931623932 0.264957264957 0.00854700854701 0.00854700854701 0.0940170940171
38 1 100 gather_reward 199.173913043 180.0 99.8290598291 37.4487179487 338.0 199.173913043 506.0 659.0 1015.0 816.0 0 0.666666666667 0.017094017094 0.196581196581 0.017094017094 0.00854700854701 0.00854700854701 0.00854700854701 0.0769230769231
39 0 87 gather_reward 671.6875 712.0 234.452991453 55.421686747 671.6875 1062.7 1457.0 0 0.709401709402 0.136752136752 0.0854700854701 0.00854700854701 0.0598290598291
40 0 76 gather_reward 997.8 1105.0 381.282051282 34.2676056338 1723.2 997.8 0 0.606837606838 0.0854700854701 0.213675213675 0.0940170940171
41 0 65 gather_reward 652.9 627.0 239.863247863 71.7532467532 652.9 1067.33333333 0 0.65811965812 0.0854700854701 0.128205128205 0.128205128205
42 0 54 gather_reward 245.5 203.0 95.3162393162 962.0 1183.0 486.333333333 245.5 40.6363636364 0 0.00854700854701 0.00854700854701 0.025641025641 0.153846153846 0.65811965812 0.145299145299
43 0 43 gather_reward 43.8571428571 135.0 69.0341880342 850.0 1053.0 43.8571428571 402.5 229.666666667 0 0.00854700854701 0.00854700854701 0.777777777778 0.017094017094 0.0512820512821 0.136752136752
44 0 33 go_charge 23.3043478261 15.0 29.1282051282 23.3043478261 75.5 811.0 0 0.786324786325 0.0512820512821 0.00854700854701 0.153846153846
45 1 46 gather_reward 24.7653061224 17.0 29.6324786325 24.7653061224 124.0 88.0 828.0 0 0.837606837607 0.00854700854701 0.00854700854701 0.00854700854701 0.136752136752
46 0 35 go_charge 23.0322580645 20.0 28.1282051282 23.0322580645 77.0 122.0 719.0 0 0.794871794872 0.034188034188 0.00854700854701 0.00854700854701 0.153846153846
47 1 48 gather_reward 23.2207792208 33.0 29.7606837607 23.2207792208 109.25 67.875 714.0 0 0.65811965812 0.034188034188 0.0683760683761 0.00854700854701 0.230769230769
