1 22.2222222222 0 2173.46875
3 20.0 0 2140.26470588
5 20.0 0 2161.88235294
7 20.0 0 2154.97058824
9 18.1818181818 0 2090.85294118
11 18.1818181818 0 2092.61764706
13 18.1818181818 0 2100.70588235
15 18.1818181818 0 2133.88235294
17 18.1818181818 0 2144.38235294
19 18.1818181818 0 2188.58823529
21 10.5263157895 0 1477.85294118
23 146.615384615 0 899.882352941
25 168.214285714 0 700.976470588
27 63.7307692308 0 1367.29487179
29 132.107142857 0 132.107142857
31 18350.0 38400 5595.28
35 19565.4 40800 8526.312
38 18600.0 38400 6449.75
42 18000.0 36000 6923.80952381
44 27250.3333333 36000 9895.79310345
52 33461.0 55000 10841.9047619
54 9933.4 36000 4757.7952381
58 27000.0 36000 8224.718
60 14422.75 37437 6123.0
65 14568.0 36000 5978.95652174
67 13125.0 13000 3193.85
70 13175.0 13000 3125.47368421
74 13233.3333333 13000 9726.97222222
78 21781.5 17000 7260.5
79 116.75 13000 18192.5
81 0.0 13000 13216.4
85 9422.66666667 13000 11359.5897436
88 7680.0 13000 10186.6666667
92 6182.33333333 13000 18989.6666667
93 0.0 0 7984.44444444
97 14249.2 13426 7574.6
100 13403.0 39519 6456.88888889
102 13483.4166667 26597 14411.0
106 13300.1538462 16712 8268.27272727
111 3000.0 6372 8251.13636364
113 0.0 6436 9412.85714286
114 3126.16666667 6220 2258.84
116 3059.5 6248 2125.80769231
118 3062.85 6120 2194.89285714
120 3044.35 6132 2181.67857143
122 3033.38095238 6064 2203.48275862
124 3020.38095238 6068 2120.93333333
126 3016.17391304 6016 2174.125
