time charging battery  action  match_reward actual_reward exp_reward clusters probs
0 1 35 stay_charging 3009.48648649 3000.0 2349.47272727 3009.48648649 5956.66666667 0 0.672727272727 0.0545454545455 0.272727272727 
1 1 38 stay_charging 3032.32432432 3000.0 2354.56140351 3032.32432432 5503.5 0 0.649122807018 0.0701754385965 0.280701754386 
2 1 41 stay_charging 3519.83333333 3000.0 2548.84482759 3519.83333333 0 0.724137931034 0.275862068966 
3 1 44 stay_charging 3026.07317073 3000.0 2176.64912281 3026.07317073 0 0.719298245614 0.280701754386 
4 1 47 stay_charging 3047.225 3000.0 2138.40350877 3047.225 0 0.701754385965 0.298245614035 
5 1 49 stay_charging 3048.725 3000.0 2139.45614035 3048.725 0 0.701754385965 0.298245614035 
6 1 51 stay_charging 3055.6 3000.0 2144.28070175 3055.6 0 0.701754385965 0.298245614035 
7 1 53 stay_charging 3083.8 3000.0 2164.07017544 3083.8 0 0.701754385965 0.298245614035 
8 1 55 stay_charging 3092.725 3000.0 2170.33333333 3092.725 0 0.701754385965 0.298245614035 
9 1 57 stay_charging 3130.3 3000.0 2196.70175439 3130.3 0 0.701754385965 0.298245614035 
10 1 59 stay_charging 3157.71875 3000.0 1772.75438596 3157.71875 0 0.561403508772 0.438596491228 
11 1 61 stay_charging 3111.36 3000.0 1406.82758621 3111.36 762.4 0 0.431034482759 0.0862068965517 0.48275862069 
12 1 63 stay_charging 3367.42857143 3000.0 479.355932203 3367.42857143 785.0 0 0.118644067797 0.101694915254 0.779661016949 
13 1 65 stay_charging 1612.57142857 3000.0 787.724137931 11466.6666667 1612.57142857 0 0.051724137931 0.120689655172 0.827586206897 
14 1 68 stay_charging 737.307692308 3000.0 174.272727273 737.307692308 0 0.236363636364 0.763636363636 
15 1 71 stay_charging 0.0 0.0 7381.33333333 9668.35714286 29139.6666667 18789.7142857 0 0.291666666667 0.0625 0.145833333333 0.5 
16 1 74 gather_reward 9953.84615385 9000.0 8906.9787234 9953.84615385 30300.3333333 19832.7 0 0.276595744681 0.063829787234 0.212765957447 0.446808510638 
17 0 69 gather_reward 9836.71428571 9000.0 6117.95555556 9836.71428571 1398.5 18857.1428571 0 0.311111111111 0.0888888888889 0.155555555556 0.444444444444 
18 0 64 gather_reward 9308.33333333 9000.0 7411.62790698 27000.0 9308.33333333 18000.0 0 0.0697674418605 0.279069767442 0.162790697674 0.488372093023 
19 0 59 gather_reward 9372.72727273 9000.0 8679.56 27170.2 9372.72727273 1844.33333333 17927.0 21335.0 0 0.1 0.22 0.06 0.14 0.06 0.42 
20 0 54 gather_reward 13482.7 9000.0 13316.2916667 39917.75 27268.3333333 13482.7 22062.75 24594.3333333 33615.0 0 0.0833333333333 0.0625 0.208333333333 0.0833333333333 0.0625 0.0625 0.4375 
21 0 49 gather_reward 9745.53333333 10410.0 7858.76595745 27025.0 9745.53333333 13793.0 18425.0 0 0.0851063829787 0.31914893617 0.063829787234 0.0851063829787 0.446808510638 
22 0 44 gather_reward 13444.8 13434.0 8022.16326531 26964.6 9613.33333333 926.333333333 13444.8 18225.0 0 0.102040816327 0.244897959184 0.0612244897959 0.102040816327 0.0816326530612 0.408163265306 
23 0 39 gather_reward 14474.6666667 14267.0 7579.95121951 27183.25 9492.81818182 14474.6666667 18066.6666667 0 0.0975609756098 0.268292682927 0.0731707317073 0.0731707317073 0.487804878049 
24 0 34 go_charge 9828.53333333 10480.0 7623.76595745 26931.0 9828.53333333 1720.33333333 14568.0 18100.0 0 0.0851063829787 0.31914893617 0.063829787234 0.063829787234 0.063829787234 0.404255319149 
25 1 36 stay_charging 15948.1428571 17044.0 5314.27906977 547.333333333 13100.0 2608.75 15948.1428571 0 0.0697674418605 0.186046511628 0.093023255814 0.162790697674 0.488372093023 
26 1 39 stay_charging 15624.0 17116.0 5020.19512195 1230.66666667 13087.5 15624.0 0 0.146341463415 0.19512195122 0.146341463415 0.512195121951 
27 1 42 stay_charging 14253.7692308 16321.0 8801.04444444 1222.2 14253.7692308 26070.0 31606.75 0 0.111111111111 0.288888888889 0.0666666666667 0.0888888888889 0.444444444444 
28 1 45 gather_reward 21497.0 22796.0 8738.97058824 17326.4444444 25565.3333333 21497.0 0 0.264705882353 0.0882352941176 0.0882352941176 0.558823529412 
29 0 40 gather_reward 32531.3333333 29184.0 15222.1944444 54466.6 13500.0 25666.6666667 32531.3333333 15143.0 0 0.138888888889 0.0833333333333 0.0833333333333 0.0833333333333 0.111111111111 0.5 
30 0 35 go_charge 33041.0 29980.0 9801.36111111 1355.33333333 26267.75 13309.6 33041.0 15000.0 0 0.0833333333333 0.111111111111 0.138888888889 0.111111111111 0.0833333333333 0.472222222222 
31 1 37 gather_reward 26214.0 28271.0 9270.24242424 13072.0 36661.3333333 26214.0 9715.0 0 0.181818181818 0.0909090909091 0.0909090909091 0.121212121212 0.515151515152 
32 0 32 go_charge 14184.0 29847.0 5474.70967742 14184.0 8412.0 0 0.290322580645 0.161290322581 0.548387096774 
33 1 34 stay_charging 27804.3333333 49847.0 5552.14285714 27804.3333333 13375.0 6182.33333333 0 0.107142857143 0.142857142857 0.107142857143 0.642857142857 
34 1 37 stay_charging 15871.25 60000.0 3863.0 700.0 15871.25 13372.5 2900.0 0 0.075 0.1 0.15 0.075 0.6 
35 1 40 gather_reward 23054.8888889 60000.0 10548.0487805 23054.8888889 3331.6 13887.8666667 0 0.219512195122 0.121951219512 0.365853658537 0.292682926829 
36 0 35 go_charge 23080.6 60000.0 10050.75 23080.6 3000.0 13268.6666667 0 0.25 0.1 0.3 0.35 
37 1 37 gather_reward 23000.0 63000.0 9757.16666667 13362.5625 23000.0 3000.0 0 0.380952380952 0.190476190476 0.0952380952381 0.333333333333 
38 0 32 go_charge 23000.0 63000.0 10415.8666667 13229.5294118 23000.0 3000.0 15937.3333333 0 0.377777777778 0.177777777778 0.0888888888889 0.0666666666667 0.288888888889 
39 1 34 stay_charging 23000.0 63000.0 10012.5 13207.3529412 23000.0 3000.0 0 0.404761904762 0.190476190476 0.0952380952381 0.309523809524 
40 1 37 gather_reward 23000.0 63000.0 9891.10638298 13140.5263158 23000.0 3000.0 5553.0 0 0.404255319149 0.170212765957 0.063829787234 0.0851063829787 0.276595744681 
41 0 32 go_charge 3130.26315789 3000.0 7235.98 3130.26315789 23011.5555556 6073.33333333 12833.3333333 0 0.38 0.18 0.06 0.12 0.26 
42 1 34 stay_charging 3059.5 3000.0 6485.8125 3059.5 23000.0 6082.66666667 12833.3333333 0 0.375 0.145833333333 0.0625 0.125 0.291666666667 
43 1 37 stay_charging 3039.28125 3000.0 2354.63265306 3039.28125 6040.0 0 0.65306122449 0.0612244897959 0.285714285714 
44 1 40 gather_reward 3027.71875 3000.0 2419.74 3027.71875 6025.0 0 0.64 0.08 0.28 
45 0 35 go_charge 3024.63888889 3000.0 2177.74 3024.63888889 0 0.72 0.28 
46 1 37 gather_reward 3085.27777778 3000.0 2177.84313725 3085.27777778 0 0.705882352941 0.294117647059 
47 0 32 go_charge 3010.36842105 3000.0 2158.37735849 3010.36842105 0 0.716981132075 0.283018867925 
