time battery charging  action  match_reward actual_reward exp_reward clusters probs
0 70 1 gather_reward 10522.0 18842.0 6129.31168831 3554.14285714 59409.0 10522.0 0 0.727272727273 0.038961038961 0.116883116883 0.116883116883 
1 60 0 gather_reward 10061.0833333 15011.0 3410.15 2869.41509434 10061.0833333 0 0.6625 0.15 0.1875 
2 50 0 go_charge 10712.1111111 10533.0 5601.08860759 952.130434783 2981.92592593 10712.1111111 81222.0 0 0.291139240506 0.341772151899 0.113924050633 0.0379746835443 0.215189873418 
3 53 1 gather_reward 10016.6 16803.0 10545.3846154 986.4 3148.91304348 135074.4 10016.6 0 0.320512820513 0.294871794872 0.0641025641026 0.0641025641026 0.25641025641 
4 43 0 go_charge 10011.4 17860.0 7269.46052632 2024.86956522 10011.4 136426.0 0 0.605263157895 0.0657894736842 0.0394736842105 0.289473684211 
5 48 1 gather_reward 9667.42857143 24552.0 5225.4 9667.42857143 922.041666667 3328.86956522 83889.0 0 0.0875 0.3 0.2875 0.0375 0.2875 
6 38 0 go_charge 12003.6666667 24952.0 6408.42352941 937.0 3547.38461538 9997.6 12003.6666667 86702.0 0 0.247058823529 0.305882352941 0.0588235294118 0.0352941176471 0.0470588235294 0.305882352941 
7 43 1 stay_charging 1883.89130435 11201.0 6121.60759494 1883.89130435 99237.0 0 0.582278481013 0.0506329113924 0.367088607595 
8 49 1 stay_charging 6678.66666667 8959.0 6540.09090909 1869.0 6678.66666667 15679.0 123342.333333 13113.5 0 0.522727272727 0.0340909090909 0.0340909090909 0.0340909090909 0.0454545454545 0.329545454545 
9 53 1 gather_reward 7598.66666667 9172.0 6658.80232558 1928.17021277 7598.66666667 13618.0 134921.666667 0 0.546511627907 0.0348837209302 0.046511627907 0.0348837209302 0.337209302326 
10 43 0 gather_reward 9721.0 8719.0 1814.12345679 1792.54347826 11774.6666667 9721.0 0 0.567901234568 0.037037037037 0.037037037037 0.358024691358 
11 33 0 go_charge 8901.25 11984.0 1425.64197531 1774.93333333 8901.25 0 0.555555555556 0.0493827160494 0.395061728395 
12 38 1 stay_charging 57228.0 55462.0 3166.13580247 1883.84444444 57228.0 0 0.555555555556 0.037037037037 0.407407407407 
13 44 1 stay_charging 1985.2 91653.0 8770.28395062 1985.2 207019.666667 0 0.555555555556 0.037037037037 0.407407407407 
14 50 1 stay_charging 2017.5 81955.0 1189.80769231 2017.5 0 0.589743589744 0.410256410256 
15 54 1 gather_reward 2112.67391304 102937.0 1245.93589744 2112.67391304 0 0.589743589744 0.410256410256 
16 44 0 go_charge 2194.26666667 111559.0 1265.92307692 2194.26666667 0 0.576923076923 0.423076923077 
17 49 1 gather_reward 2305.93333333 87889.0 1330.34615385 2305.93333333 0 0.576923076923 0.423076923077 
18 39 0 go_charge 2236.46666667 114075.0 1307.02597403 2236.46666667 0 0.584415584416 0.415584415584 
19 44 1 gather_reward 2253.02222222 142547.0 1299.82051282 2253.02222222 0 0.576923076923 0.423076923077 
20 34 0 go_charge 2342.68085106 102910.0 1487.91891892 2342.68085106 0 0.635135135135 0.364864864865 
21 39 1 stay_charging 2241.44897959 109457.0 1504.53424658 2241.44897959 0 0.671232876712 0.328767123288 
22 45 1 stay_charging 2493.28 161254.0 1684.64864865 2493.28 0 0.675675675676 0.324324324324 
23 49 1 gather_reward 192692.0 152573.0 9617.33333333 2652.2962963 192692.0 0 0.72 0.04 0.24 
