time battery charging  action  match_reward actual_reward exp_reward clusters probs
0 70 1 gather_reward 10133.7142857 11782.0 6689.47761194 3554.14285714 59409.0 10133.7142857 0 0.835820895522 0.044776119403 0.10447761194 0.0149253731343 
1 55 0 gather_reward 10156.8181818 9008.0 4163.12162162 2869.41509434 14755.6666667 10156.8181818 0 0.716216216216 0.0405405405405 0.148648648649 0.0945945945946 
2 40 0 go_charge 2981.92592593 6372.0 6291.93055556 952.130434783 2981.92592593 10694.2 81222.0 0 0.319444444444 0.375 0.138888888889 0.0416666666667 0.125 
3 48 1 stay_charging 10016.6 55708.0 11750.5714286 986.4 3148.91304348 135074.4 10016.6 0 0.357142857143 0.328571428571 0.0714285714286 0.0714285714286 0.171428571429 
4 54 1 gather_reward 10011.4 56108.0 8124.69117647 2024.86956522 10011.4 136426.0 0 0.676470588235 0.0735294117647 0.0441176470588 0.205882352941 
5 39 0 go_charge 9667.42857143 13125.0 5806.0 9667.42857143 922.041666667 3328.86956522 83889.0 0 0.0972222222222 0.333333333333 0.319444444444 0.0416666666667 0.208333333333 
6 47 1 gather_reward 12003.6666667 45684.0 7074.23376623 937.0 3547.38461538 9997.6 12003.6666667 86702.0 0 0.272727272727 0.337662337662 0.0649350649351 0.038961038961 0.0519480519481 0.233766233766 
7 32 0 go_charge 11643.3333333 44081.0 7007.25675676 1883.89130435 11643.3333333 99237.0 0 0.621621621622 0.0405405405405 0.0540540540541 0.283783783784 
8 40 1 stay_charging 13439.0 12137.0 7131.53164557 1869.0 6678.66666667 15679.0 123342.333333 13439.0 0 0.582278481013 0.0379746835443 0.0379746835443 0.0379746835443 0.0379746835443 0.26582278481 
9 49 1 gather_reward 7992.0 13320.0 7031.42666667 1928.17021277 7992.0 134921.666667 0 0.626666666667 0.0533333333333 0.04 0.28 
10 34 0 go_charge 11774.6666667 15741.0 2181.0 1792.54347826 9158.8 11774.6666667 0 0.613333333333 0.0666666666667 0.04 0.28 
11 42 1 stay_charging 8901.25 42125.0 1581.87671233 1774.93333333 8901.25 0 0.616438356164 0.0547945205479 0.328767123288 
12 51 1 gather_reward 56786.5 104838.0 4215.12162162 1883.84444444 56786.5 0 0.608108108108 0.0540540540541 0.337837837838 
13 36 0 go_charge 207019.666667 144142.0 9731.4109589 1985.2 207019.666667 0 0.616438356164 0.041095890411 0.342465753425 
14 44 1 stay_charging 2017.5 146011.0 1325.78571429 2017.5 0 0.657142857143 0.342857142857 
15 53 1 gather_reward 2112.67391304 122866.0 1388.32857143 2112.67391304 0 0.657142857143 0.342857142857 
