time charging battery  action  match_reward actual_reward exp_reward clusters probs
0 1 35 stay_charging 0.0 0.0 6111.67032967 929.047619048 3361.60869565 10011.4 136426.0 0 0.230769230769 0.252747252747 0.0549450549451 0.032967032967 0.428571428571 
1 1 38 stay_charging 0.0 0.0 4329.24210526 9667.42857143 2089.52272727 83889.0 0 0.0736842105263 0.463157894737 0.0315789473684 0.431578947368 
2 1 41 stay_charging 0.0 0.0 5369.05 1949.04761905 5559.5 9997.6 12003.6666667 86702.0 0 0.42 0.04 0.05 0.03 0.04 0.42 
3 1 44 stay_charging 0.0 0.0 5352.39175258 1897.91304348 11643.3333333 99237.0 0 0.474226804124 0.0309278350515 0.0412371134021 0.453608247423 
4 1 47 stay_charging 0.0 0.0 5565.48543689 1819.36956522 6678.66666667 15679.0 123342.333333 13113.5 0 0.446601941748 0.0291262135922 0.0291262135922 0.0291262135922 0.0388349514563 0.427184466019 
5 1 49 stay_charging 0.0 0.0 5672.7745098 1900.39130435 7992.0 13618.0 134921.666667 0 0.450980392157 0.0392156862745 0.0392156862745 0.0294117647059 0.441176470588 
6 1 51 stay_charging 0.0 0.0 1701.66326531 1903.22222222 9158.8 11774.6666667 0 0.459183673469 0.0510204081633 0.030612244898 0.459183673469 
7 1 53 stay_charging 0.0 0.0 1262.85416667 1902.86666667 8901.25 0 0.46875 0.0416666666667 0.489583333333 
8 1 55 stay_charging 0.0 0.0 3251.75257732 1961.64444444 56786.5 0 0.463917525773 0.0412371134021 0.494845360825 
9 1 57 stay_charging 0.0 0.0 7423.3125 2035.08888889 207019.666667 0 0.46875 0.03125 0.5 
10 1 59 stay_charging 0.0 0.0 1007.87096774 2037.65217391 0 0.494623655914 0.505376344086 
11 1 61 stay_charging 0.0 0.0 999.902173913 2044.24444444 0 0.489130434783 0.510869565217 
12 1 63 stay_charging 0.0 0.0 1065.4516129 2201.93333333 0 0.483870967742 0.516129032258 
13 1 65 stay_charging 0.0 0.0 1024.47826087 2191.90697674 0 0.467391304348 0.532608695652 
14 1 68 stay_charging 0.0 0.0 1106.38709677 2286.53333333 0 0.483870967742 0.516129032258 
15 1 71 stay_charging 0.0 0.0 1111.11956522 2271.62222222 0 0.489130434783 0.510869565217 
16 1 74 stay_charging 0.0 0.0 1323.40909091 2477.87234043 0 0.534090909091 0.465909090909 
17 1 77 stay_charging 0.0 0.0 1286.86046512 2354.68085106 0 0.546511627907 0.453488372093 
18 1 80 stay_charging 0.0 0.0 1436.05747126 2602.85416667 0 0.551724137931 0.448275862069 
19 1 83 stay_charging 0.0 0.0 8209.94444444 2871.76785714 192692.0 0 0.622222222222 0.0333333333333 0.344444444444 
20 1 86 stay_charging 0.0 0.0 1882.88372093 2791.86206897 0 0.674418604651 0.325581395349 
21 1 89 stay_charging 0.0 0.0 6568.53409091 2819.61403509 139104.333333 0 0.647727272727 0.0340909090909 0.318181818182 
22 1 92 stay_charging 0.0 0.0 6900.07142857 2956.61403509 137026.333333 0 0.678571428571 0.0357142857143 0.285714285714 
23 1 95 gather_reward 12609.3333333 106342.0 2559.86419753 2974.05263158 12609.3333333 0 0.703703703704 0.037037037037 0.259259259259 
24 0 91 gather_reward 203758.0 208613.0 22545.3 3175.68333333 137830.666667 203758.0 32438.3333333 238818.333333 0 0.666666666667 0.0333333333333 0.0333333333333 0.0333333333333 0.0333333333333 0.2 
25 0 87 go_charge 3190.11290323 207283.0 2472.3375 3190.11290323 0 0.775 0.225 
26 1 89 gather_reward 250504.6 235583.0 17566.3333333 3097.27272727 250504.6 0 0.679012345679 0.0617283950617 0.259259259259 
27 0 84 gather_reward 230907.666667 202348.0 14875.1882353 3235.47692308 230907.666667 120454.0 0 0.764705882353 0.0352941176471 0.0352941176471 0.164705882353 
28 0 79 gather_reward 76335.3333333 75284.0 9130.55952381 3322.51470588 104010.0 76335.3333333 0 0.809523809524 0.0357142857143 0.0357142857143 0.119047619048 
29 0 74 go_charge 3146.62857143 3507.0 6506.23423423 3146.62857143 19982.7777778 11295.25 13865.2857143 0 0.630630630631 0.162162162162 0.036036036036 0.0630630630631 0.108108108108 
30 1 76 stay_charging 3917.45070423 3391.0 7236.95652174 3917.45070423 15769.7083333 21954.75 0 0.617391304348 0.208695652174 0.0695652173913 0.104347826087 
31 1 79 stay_charging 4258.77464789 5555.0 7377.47787611 4258.77464789 13198.9 20561.8461538 0 0.628318584071 0.176991150442 0.115044247788 0.0796460176991 
32 1 82 gather_reward 10848.0588235 9761.0 8364.2 18202.0 3589.0877193 10848.0588235 15308.7142857 22112.3333333 0 0.145454545455 0.518181818182 0.154545454545 0.0636363636364 0.0545454545455 0.0636363636364 
33 0 77 gather_reward 62145.25 56607.0 11462.1136364 17882.2 3671.07142857 39954.0 65333.6666667 62145.25 8529.0 11955.7142857 0 0.0568181818182 0.636363636364 0.0454545454545 0.0340909090909 0.0454545454545 0.0340909090909 0.0795454545455 0.0681818181818 
34 0 72 gather_reward 95582.0 93519.0 24228.032967 3949.32876712 118923.5 95582.0 137898.333333 246771.666667 0 0.802197802198 0.043956043956 0.032967032967 0.032967032967 0.032967032967 0.0549450549451 
35 0 67 gather_reward 4039.01449275 127998.0 3619.37662338 4039.01449275 0 0.896103896104 0.103896103896 
36 0 62 gather_reward 226990.333333 187999.0 11869.9382716 4124.91176471 226990.333333 0 0.83950617284 0.037037037037 0.123456790123 
37 0 57 gather_reward 180292.0 172138.0 10784.0246914 3656.68333333 180292.0 9669.6 12976.2 0 0.740740740741 0.037037037037 0.0617283950617 0.0617283950617 0.0987654320988 
38 0 52 gather_reward 115840.666667 84760.0 18345.2643678 4205.84375 115840.666667 119376.25 148873.0 18406.0 0 0.735632183908 0.0344827586207 0.0459770114943 0.0344827586207 0.0344827586207 0.114942528736 
39 0 47 gather_reward 4232.35211268 24840.0 8319.87951807 4232.35211268 130017.666667 0 0.855421686747 0.0361445783133 0.10843373494 
40 0 42 gather_reward 12948.6 14078.0 7195.31313131 4718.17567568 12948.6 15308.0 79072.0 0 0.747474747475 0.0505050505051 0.040404040404 0.030303030303 0.131313131313 
41 0 37 gather_reward 16697.75 16920.0 5860.65263158 5450.68 16697.75 20292.5 0 0.789473684211 0.0421052631579 0.0421052631579 0.126315789474 
42 0 32 go_charge 5691.25316456 14773.0 8054.42857143 5691.25316456 36118.0 77123.6666667 0 0.80612244898 0.030612244898 0.030612244898 0.132653061224 
43 1 34 stay_charging 9669.14285714 10923.0 2860.25 2429.38181818 20614.3333333 9669.14285714 0 0.597826086957 0.0326086956522 0.0760869565217 0.29347826087 
44 1 37 gather_reward 10098.4 13825.0 3668.21978022 2060.56862745 10098.4 59409.0 0 0.56043956044 0.0549450549451 0.032967032967 0.351648351648 
45 0 32 go_charge 10128.6 14105.0 2123.67021277 983.416666667 2989.48 10128.6 0 0.255319148936 0.265957446809 0.106382978723 0.372340425532 
46 1 34 stay_charging 10694.2 13960.0 4617.59793814 2027.0625 10694.2 81222.0 0 0.494845360825 0.103092783505 0.0309278350515 0.371134020619 
47 1 37 gather_reward 135074.4 111158.0 8770.91489362 939.0 135074.4 3390.77272727 10016.6 0 0.276595744681 0.0531914893617 0.234042553191 0.0531914893617 0.382978723404 
