time battery charging  action  match_reward actual_reward exp_reward clusters probs
0 70 1 gather_reward 10133.7142857 11782.0 6790.83333333 3554.14285714 59409.0 10133.7142857 0 0.848484848485 0.0454545454545 0.106060606061 0.0 
1 45 0 go_charge 10156.8181818 9008.0 4220.15068493 2869.41509434 14755.6666667 10156.8181818 0 0.72602739726 0.041095890411 0.150684931507 0.0821917808219 
2 54 1 stay_charging 2981.92592593 6372.0 6380.54929577 952.130434783 2981.92592593 10694.2 81222.0 0 0.323943661972 0.380281690141 0.140845070423 0.0422535211268 0.112676056338 
3 64 1 stay_charging 10016.6 55708.0 11920.8695652 986.4 3148.91304348 135074.4 10016.6 0 0.36231884058 0.333333333333 0.0724637681159 0.0724637681159 0.159420289855 
4 74 1 gather_reward 10011.4 56108.0 8245.95522388 2024.86956522 10011.4 136426.0 0 0.686567164179 0.0746268656716 0.044776119403 0.194029850746 
5 49 0 go_charge 9667.42857143 13125.0 5887.77464789 9667.42857143 922.041666667 3328.86956522 83889.0 0 0.0985915492958 0.338028169014 0.323943661972 0.0422535211268 0.197183098592 
6 58 1 stay_charging 12003.6666667 45684.0 7167.31578947 937.0 3547.38461538 9997.6 12003.6666667 86702.0 0 0.276315789474 0.342105263158 0.0657894736842 0.0394736842105 0.0526315789474 0.223684210526 
7 68 1 gather_reward 11643.3333333 44081.0 7103.24657534 1883.89130435 11643.3333333 99237.0 0 0.630136986301 0.041095890411 0.0547945205479 0.27397260274 
8 43 0 go_charge 13439.0 12137.0 7222.96153846 1869.0 6678.66666667 15679.0 123342.333333 13439.0 0 0.589743589744 0.0384615384615 0.0384615384615 0.0384615384615 0.0384615384615 0.25641025641 
9 57 1 gather_reward 7992.0 13320.0 7126.44594595 1928.17021277 7992.0 134921.666667 0 0.635135135135 0.0540540540541 0.0405405405405 0.27027027027 
