time charging battery  action  match_reward actual_reward exp_reward clusters probs
0 1 35 stay_charging 3009.48648649 3000.0 2349.47272727 3009.48648649 5956.66666667 0 0.672727272727 0.0545454545455 0.272727272727 
1 1 38 stay_charging 3032.32432432 3000.0 2354.56140351 3032.32432432 5503.5 0 0.649122807018 0.0701754385965 0.280701754386 
2 1 41 stay_charging 3519.83333333 3000.0 2548.84482759 3519.83333333 0 0.724137931034 0.275862068966 
3 1 44 stay_charging 3026.07317073 3000.0 2176.64912281 3026.07317073 0 0.719298245614 0.280701754386 
4 1 47 stay_charging 3047.225 3000.0 2138.40350877 3047.225 0 0.701754385965 0.298245614035 
5 1 49 stay_charging 3048.725 3000.0 2139.45614035 3048.725 0 0.701754385965 0.298245614035 
6 1 51 stay_charging 3055.6 3000.0 2144.28070175 3055.6 0 0.701754385965 0.298245614035 
7 1 53 stay_charging 3083.8 3000.0 2164.07017544 3083.8 0 0.701754385965 0.298245614035 
8 1 55 stay_charging 3092.725 3000.0 2170.33333333 3092.725 0 0.701754385965 0.298245614035 
9 1 57 stay_charging 3130.3 3000.0 2196.70175439 3130.3 0 0.701754385965 0.298245614035 
10 1 59 stay_charging 0.0 0.0 1825.38596491 3152.93939394 0 0.578947368421 0.421052631579 
11 1 61 stay_charging 0.0 0.0 1458.55172414 3107.07692308 762.4 0 0.448275862069 0.0862068965517 0.465517241379 
12 1 63 stay_charging 0.0 0.0 530.203389831 3321.5 785.0 0 0.135593220339 0.101694915254 0.762711864407 
13 1 65 stay_charging 0.0 0.0 839.448275862 11466.6666667 1786.0 0 0.051724137931 0.137931034483 0.810344827586 
14 1 68 stay_charging 0.0 0.0 177.5 737.307692308 0 0.240740740741 0.759259259259 
15 1 71 stay_charging 0.0 0.0 7381.33333333 9668.35714286 29139.6666667 18789.7142857 0 0.291666666667 0.0625 0.145833333333 0.5 
16 1 74 stay_charging 9000.0 9600.0 8894.21276596 9000.0 10311.1111111 30300.3333333 19832.7 0 0.0851063829787 0.191489361702 0.063829787234 0.212765957447 0.446808510638 
17 1 77 gather_reward 9793.85714286 9600.0 6104.62222222 9793.85714286 1398.5 18857.1428571 0 0.311111111111 0.0888888888889 0.155555555556 0.444444444444 
18 0 72 gather_reward 9308.33333333 9000.0 7411.62790698 27000.0 9308.33333333 18000.0 0 0.0697674418605 0.279069767442 0.162790697674 0.488372093023 
19 0 67 go_charge 9372.72727273 9000.0 8679.56 27170.2 9372.72727273 1844.33333333 17927.0 21335.0 0 0.1 0.22 0.06 0.14 0.06 0.42 
20 1 69 gather_reward 13536.3333333 13000.0 13323.0212766 39917.75 27268.3333333 13536.3333333 22062.75 24594.3333333 33615.0 0 0.0851063829787 0.063829787234 0.191489361702 0.0851063829787 0.063829787234 0.063829787234 0.446808510638 
21 0 64 gather_reward 9839.53333333 9000.0 7888.76595745 27025.0 9839.53333333 13793.0 18425.0 0 0.0851063829787 0.31914893617 0.063829787234 0.0851063829787 0.446808510638 
22 0 59 gather_reward 9669.09090909 9000.0 8112.65306122 26964.6 13443.0 9669.09090909 926.333333333 18225.0 0 0.102040816327 0.122448979592 0.224489795918 0.0612244897959 0.0816326530612 0.408163265306 
23 0 54 gather_reward 9542.1 9000.0 7708.41463415 27183.25 14422.75 9542.1 18066.6666667 0 0.0975609756098 0.0975609756098 0.243902439024 0.0731707317073 0.487804878049 
24 0 49 gather_reward 9927.2 9000.0 7655.25531915 26931.0 9927.2 1720.33333333 14568.0 18100.0 0 0.0851063829787 0.31914893617 0.063829787234 0.063829787234 0.063829787234 0.404255319149 
25 0 44 go_charge 0.0 0.0 5710.65116279 16085.125 547.333333333 13100.0 2608.75 0 0.186046511628 0.0697674418605 0.186046511628 0.093023255814 0.46511627907 
26 1 46 stay_charging 0.0 0.0 5437.65853659 1230.66666667 13087.5 15837.1428571 0 0.146341463415 0.19512195122 0.170731707317 0.487804878049 
27 1 48 stay_charging 0.0 0.0 9163.73333333 14401.4285714 1222.2 26070.0 31606.75 0 0.311111111111 0.111111111111 0.0666666666667 0.0888888888889 0.422222222222 
28 1 50 stay_charging 0.0 0.0 9409.44117647 17326.4444444 25565.3333333 21821.75 0 0.264705882353 0.0882352941176 0.117647058824 0.529411764706 
29 1 52 stay_charging 0.0 0.0 15657.1142857 54466.6 13500.0 25666.6666667 32531.3333333 15143.0 0 0.142857142857 0.0857142857143 0.0857142857143 0.0857142857143 0.114285714286 0.485714285714 
30 1 54 stay_charging 0.0 0.0 10081.4 1355.33333333 26267.75 13309.6 33041.0 15000.0 0 0.0857142857143 0.114285714286 0.142857142857 0.114285714286 0.0857142857143 0.457142857143 
31 1 56 stay_charging 0.0 0.0 9559.9375 13072.0 36661.3333333 26214.0 9715.0 0 0.1875 0.09375 0.09375 0.125 0.5 
32 1 58 stay_charging 0.0 0.0 8570.05882353 30416.5 14184.0 8412.0 0 0.117647058824 0.264705882353 0.147058823529 0.470588235294 
33 1 60 stay_charging 0.0 0.0 11485.2580645 50145.75 27804.3333333 13375.0 6182.33333333 0 0.129032258065 0.0967741935484 0.129032258065 0.0967741935484 0.548387096774 
34 1 62 stay_charging 0.0 0.0 3962.05128205 700.0 15871.25 13372.5 2900.0 0 0.0769230769231 0.102564102564 0.153846153846 0.0769230769231 0.589743589744 
35 1 64 stay_charging 0.0 0.0 10811.75 23054.8888889 3331.6 13887.8666667 0 0.225 0.125 0.375 0.275 
36 1 66 stay_charging 0.0 0.0 10308.4615385 23080.6 3000.0 13268.6666667 0 0.25641025641 0.102564102564 0.307692307692 0.333333333333 
37 1 69 stay_charging 0.0 0.0 13619.8863636 13362.5625 23000.0 63158.0 3000.0 0 0.363636363636 0.181818181818 0.0681818181818 0.0909090909091 0.295454545455 
38 1 72 stay_charging 0.0 0.0 10652.5909091 13229.5294118 23000.0 3000.0 15937.3333333 0 0.386363636364 0.181818181818 0.0909090909091 0.0681818181818 0.272727272727 
39 1 75 stay_charging 0.0 0.0 10256.7073171 13207.3529412 23000.0 3000.0 0 0.414634146341 0.19512195122 0.0975609756098 0.292682926829 
40 1 78 stay_charging 0.0 0.0 10106.1304348 13140.5263158 23000.0 3000.0 5553.0 0 0.413043478261 0.173913043478 0.0652173913043 0.0869565217391 0.260869565217 
41 1 81 stay_charging 0.0 0.0 7295.98 3123.75 23011.5555556 6073.33333333 12833.3333333 0 0.4 0.18 0.06 0.12 0.24 
42 1 84 stay_charging 0.0 0.0 6548.3125 3056.36842105 23000.0 6082.66666667 12833.3333333 0 0.395833333333 0.145833333333 0.0625 0.125 0.270833333333 
43 1 87 stay_charging 0.0 0.0 2415.85714286 3038.09090909 6040.0 0 0.673469387755 0.0612244897959 0.265306122449 
44 1 90 stay_charging 0.0 0.0 2479.74 3026.87878788 6025.0 0 0.66 0.08 0.26 
45 1 93 stay_charging 0.0 0.0 2237.74 3023.97297297 0 0.74 0.26 
46 1 96 stay_charging 0.0 0.0 2236.66666667 3082.97297297 0 0.725490196078 0.274509803922 
47 1 99 stay_charging 0.0 0.0 2214.98113208 3010.1025641 0 0.735849056604 0.264150943396 
