time battery charging  action  match_reward actual_reward exp_reward clusters probs
0 70 1 stay_charging 0.0 0.0 18509.3414634 6231.7027027 57508.4705882 100469.571429 134572.0 0 0.60162601626 0.138211382114 0.0569105691057 0.00813008130081 0.19512195122 
1 73 1 stay_charging 0.0 0.0 17848.2113821 136073.0 186661.0 5964.94520548 76534.2352941 0 0.0162601626016 0.00813008130081 0.593495934959 0.138211382114 0.243902439024 
2 76 1 stay_charging 0.0 0.0 18765.8130081 206555.0 162695.0 93219.0714286 44917.8571429 4697.83823529 0 0.00813008130081 0.00813008130081 0.113821138211 0.0569105691057 0.552845528455 0.260162601626 
3 79 1 stay_charging 0.0 0.0 39031.4146341 9594.83870968 227535.8 146109.761905 0 0.50406504065 0.0406504065041 0.170731707317 0.284552845528 
4 82 1 stay_charging 0.0 0.0 39991.1138211 9909.38333333 233010.833333 146313.95 0 0.487804878049 0.0487804878049 0.162601626016 0.30081300813 
5 85 1 stay_charging 0.0 0.0 21189.6747967 4510.62903226 75998.0769231 124187.777778 221006.0 0 0.50406504065 0.105691056911 0.0731707317073 0.00813008130081 0.308943089431 
6 88 1 stay_charging 0.0 0.0 21797.3577236 211675.0 5552.2 96229.65 0 0.0162601626016 0.487804878049 0.162601626016 0.333333333333 
7 91 1 stay_charging 0.0 0.0 20210.504065 4549.86206897 100875.55 204489.0 0 0.471544715447 0.162601626016 0.00813008130081 0.357723577236 
8 94 1 stay_charging 0.0 0.0 19943.4796748 4224.4137931 61673.0 115506.933333 167063.0 0 0.471544715447 0.0406504065041 0.121951219512 0.00813008130081 0.357723577236 
9 97 1 stay_charging 0.0 0.0 20016.4796748 3947.94827586 67406.8571429 121908.153846 176392.0 0 0.471544715447 0.0569105691057 0.105691056911 0.00813008130081 0.357723577236 
10 100 1 stay_charging 0.0 0.0 21099.3089431 6129.49180328 123406.444444 0 0.49593495935 0.146341463415 0.357723577236 
11 100 1 stay_charging 0.0 0.0 25335.8225806 6051.77586207 123924.388889 560000.0 0 0.467741935484 0.145161290323 0.00806451612903 0.379032258065 
12 100 1 stay_charging 0.0 0.0 30205.3951613 9768.52727273 117769.727273 191273.3 0 0.443548387097 0.0887096774194 0.0806451612903 0.387096774194 
13 100 1 stay_charging 0.0 0.0 40429.8951613 2255.13043478 122972.176471 216849.538462 0 0.370967741935 0.137096774194 0.104838709677 0.387096774194 
14 100 1 stay_charging 0.0 0.0 40330.4032258 2728.93617021 274733.5 97573.6 185972.611111 0 0.379032258065 0.0161290322581 0.0806451612903 0.145161290323 0.379032258065 
15 100 1 stay_charging 0.0 0.0 41230.1693548 3131.91666667 119789.4375 234275.230769 0 0.387096774194 0.129032258065 0.104838709677 0.379032258065 
16 100 1 stay_charging 0.0 0.0 43574.983871 6947.16326531 327863.333333 169970.708333 0 0.395161290323 0.0241935483871 0.193548387097 0.387096774194 
17 100 1 stay_charging 0.0 0.0 42903.6935484 268599.0 3961.08510638 135824.8 0 0.0725806451613 0.379032258065 0.161290322581 0.387096774194 
18 100 1 stay_charging 0.0 0.0 41918.5483871 229940.533333 2871.95744681 107587.333333 0 0.120967741935 0.379032258065 0.120967741935 0.379032258065 
19 100 1 stay_charging 0.0 0.0 42379.5725806 15401.4444444 173476.0625 274628.666667 0 0.435483870968 0.129032258065 0.0483870967742 0.387096774194 
20 100 1 stay_charging 0.0 0.0 42196.5967742 18798.8064516 149504.222222 247392.181818 0 0.5 0.0725806451613 0.0887096774194 0.338709677419 
21 100 1 stay_charging 0.0 0.0 53721.0241935 394938.666667 279854.0 147531.058824 8033.51785714 0 0.0241935483871 0.0725806451613 0.137096774194 0.451612903226 0.314516129032 
22 100 1 stay_charging 0.0 0.0 64697.016129 4202.09433962 140769.416667 282929.722222 508875.5 0 0.427419354839 0.0967741935484 0.145161290323 0.0161290322581 0.314516129032 
23 100 1 stay_charging 0.0 0.0 55388.7741935 7406.41935484 186844.956522 332884.0 447156.0 0 0.5 0.185483870968 0.0403225806452 0.00806451612903 0.266129032258 
24 100 1 stay_charging 0.0 0.0 43252.2177419 300437.333333 4579.88135593 135217.741935 0 0.0241935483871 0.475806451613 0.25 0.25 
25 100 1 stay_charging 0.0 0.0 39113.1693548 11587.3188406 264494.0 141609.826087 0 0.556451612903 0.0241935483871 0.185483870968 0.233870967742 
26 100 1 stay_charging 0.0 0.0 37486.4274194 218812.6 4864.53125 108097.466667 0 0.0403225806452 0.516129032258 0.241935483871 0.201612903226 
27 100 1 gather_reward 170962.970588 106342.0 51053.5241935 7729.79104478 170962.970588 0 0.540322580645 0.274193548387 0.185483870968 
28 96 0 gather_reward 234799.038462 208613.0 65836.3951613 4990.953125 124251.214286 234799.038462 0 0.516129032258 0.112903225806 0.209677419355 0.161290322581 
29 92 0 gather_reward 213755.805556 207283.0 73048.2983871 5337.10769231 338622.666667 213755.805556 0 0.524193548387 0.0241935483871 0.290322580645 0.161290322581 
30 88 0 gather_reward 218526.111111 235583.0 76058.0967742 6081.60606061 218526.111111 387626.0 0 0.532258064516 0.290322580645 0.0241935483871 0.153225806452 
31 83 0 gather_reward 206234.25 202348.0 70147.7741935 413175.5 6679.70149254 206234.25 0 0.0161290322581 0.540322580645 0.290322580645 0.153225806452 
32 78 0 gather_reward 96463.03125 75284.0 40831.3145161 3980.12307692 96463.03125 189014.833333 256601.0 326868.0 0 0.524193548387 0.258064516129 0.0483870967742 0.00806451612903 0.00806451612903 0.153225806452 
33 73 0 go_charge 0.0 3507.0 12974.0483871 87809.5 114341.75 41665.0 8419.49056604 0 0.0161290322581 0.0322580645161 0.0161290322581 0.854838709677 0.0806451612903 
34 75 1 stay_charging 0.0 3391.0 12115.6209677 34444.6666667 7656.52293578 118453.0 90630.0 0 0.0241935483871 0.879032258065 0.0322580645161 0.00806451612903 0.0564516129032 
35 78 1 gather_reward 7283.72380952 5555.0 13630.2096774 38872.0 7283.72380952 70967.5 107422.6 168563.0 0 0.0161290322581 0.846774193548 0.0161290322581 0.0403225806452 0.00806451612903 0.0725806451613 
36 73 0 gather_reward 8440.74757282 9761.0 13827.8951613 111693.5 43775.25 8440.74757282 0 0.0483870967742 0.0322580645161 0.83064516129 0.0887096774194 
37 68 0 gather_reward 59052.5263158 56607.0 27241.5241935 5262.19444444 59052.5263158 192274.0 123509.0 0 0.58064516129 0.306451612903 0.0161290322581 0.0241935483871 0.0725806451613 
38 63 0 gather_reward 106240.785714 93519.0 47478.4274194 255907.0 5577.55555556 106240.785714 0 0.0322580645161 0.58064516129 0.338709677419 0.0483870967742 
39 58 0 gather_reward 186432.294118 127998.0 64855.8145161 14969.6385542 186432.294118 460943.0 0 0.66935483871 0.274193548387 0.00806451612903 0.0483870967742 
40 53 0 gather_reward 212366.378378 187999.0 75903.7258065 8803.25641026 212366.378378 339053.0 528799.0 0 0.629032258065 0.298387096774 0.00806451612903 0.00806451612903 0.0564516129032 
41 48 0 gather_reward 198341.0 172138.0 61681.8709677 198341.0 4203.94285714 100149.1875 0 0.233870967742 0.564516129032 0.129032258065 0.0725806451613 
42 43 0 gather_reward 127802.166667 84760.0 48205.5967742 12536.775 127802.166667 211922.222222 0 0.645161290323 0.193548387097 0.0725806451613 0.0887096774194 
43 38 0 go_charge 5110.72972973 24840.0 35244.3790323 5110.72972973 66569.4230769 238383.0 137272.153846 0 0.596774193548 0.209677419355 0.0161290322581 0.104838709677 0.0725806451613 
44 40 1 stay_charging 8470.84782609 14078.0 20755.766129 227150.5 8470.84782609 120739.666667 75221.3076923 0 0.0161290322581 0.741935483871 0.0241935483871 0.104838709677 0.112903225806 
45 43 1 stay_charging 5829.41463415 16920.0 22019.1612903 217173.5 106586.625 5829.41463415 50806.5263158 0 0.0161290322581 0.0645161290323 0.661290322581 0.153225806452 0.104838709677 
46 46 1 gather_reward 9308.15384615 14773.0 20616.5806452 9308.15384615 115596.5 81416.125 175563.0 0 0.733870967742 0.0161290322581 0.129032258065 0.00806451612903 0.112903225806 
47 41 0 gather_reward 7348.9875 10923.0 20253.483871 7348.9875 57531.0 98776.0 162891.0 0 0.645161290323 0.0806451612903 0.0967741935484 0.00806451612903 0.16935483871 
