time battery charging  action  match_reward actual_reward exp_reward clusters probs
0 70 1 stay_charging 6155.67123288 11782.0 18413.5528455 6155.67123288 57508.4705882 100469.571429 134572.0 0 0.593495934959 0.138211382114 0.0569105691057 0.00813008130081 0.20325203252 
1 73 1 stay_charging 5922.68055556 9008.0 17774.9756098 136073.0 186661.0 5922.68055556 76534.2352941 0 0.0162601626016 0.00813008130081 0.585365853659 0.138211382114 0.252032520325 
2 76 1 stay_charging 4672.85074627 6372.0 18714.0081301 206555.0 162695.0 93219.0714286 44917.8571429 4672.85074627 0 0.00813008130081 0.00813008130081 0.113821138211 0.0569105691057 0.544715447154 0.268292682927 
3 79 1 stay_charging 8838.8852459 55708.0 38578.504065 8838.8852459 227535.8 146109.761905 0 0.49593495935 0.0406504065041 0.170731707317 0.292682926829 
4 82 1 gather_reward 9126.3559322 56108.0 39534.9512195 9126.3559322 233010.833333 146313.95 0 0.479674796748 0.0487804878049 0.162601626016 0.308943089431 
5 77 0 go_charge 4369.40983607 13125.0 21082.9674797 4369.40983607 75998.0769231 124187.777778 221006.0 0 0.49593495935 0.105691056911 0.0731707317073 0.00813008130081 0.317073170732 
6 79 1 stay_charging 4872.0 45684.0 21425.9430894 211675.0 4872.0 96229.65 0 0.0162601626016 0.479674796748 0.162601626016 0.341463414634 
7 82 1 stay_charging 3856.33333333 44081.0 19852.1219512 3856.33333333 100875.55 204489.0 0 0.463414634146 0.162601626016 0.00813008130081 0.365853658537 
8 85 1 stay_charging 4085.59649123 12137.0 19844.804878 4085.59649123 61673.0 115506.933333 167063.0 0 0.463414634146 0.0406504065041 0.121951219512 0.00813008130081 0.365853658537 
9 88 1 stay_charging 3783.52631579 13320.0 19908.1869919 3783.52631579 67406.8571429 121908.153846 176392.0 0 0.463414634146 0.0569105691057 0.105691056911 0.00813008130081 0.365853658537 
10 91 1 stay_charging 5969.3 15741.0 20971.3333333 5969.3 123406.444444 0 0.487804878049 0.146341463415 0.365853658537 
11 94 1 gather_reward 5418.9122807 42125.0 24996.1048387 5418.9122807 123924.388889 560000.0 0 0.459677419355 0.145161290323 0.00806451612903 0.387096774194 
12 90 0 gather_reward 119062.9 104838.0 29359.9274194 9768.52727273 119062.9 191273.3 0 0.443548387097 0.0806451612903 0.0806451612903 0.395161290323 
13 86 0 gather_reward 107966.333333 144142.0 39267.4596774 2255.13043478 107966.333333 204107.823529 0 0.370967741935 0.0967741935484 0.137096774194 0.395161290323 
14 81 0 gather_reward 97573.6 146011.0 39152.8951613 197419.105263 97573.6 2728.93617021 0 0.153225806452 0.0806451612903 0.379032258065 0.387096774194 
15 76 0 gather_reward 138779.5 122866.0 40239.3145161 3131.91666667 257969.125 138779.5 0 0.387096774194 0.0645161290323 0.161290322581 0.387096774194 
16 71 0 gather_reward 171149.173913 142866.0 42422.8387097 6947.16326531 327863.333333 171149.173913 0 0.395161290323 0.0241935483871 0.185483870968 0.395161290323 
17 66 0 gather_reward 137356.684211 106719.0 42043.0564516 3961.08510638 268599.0 137356.684211 0 0.379032258065 0.0725806451613 0.153225806452 0.395161290323 
18 61 0 gather_reward 110127.714286 72022.0 41337.7258065 229940.533333 2871.95744681 110127.714286 0 0.120967741935 0.379032258065 0.112903225806 0.387096774194 
19 56 0 gather_reward 176869.066667 122581.0 41391.016129 15401.4444444 176869.066667 274628.666667 0 0.435483870968 0.120967741935 0.0483870967742 0.395161290323 
20 51 0 gather_reward 151498.375 133551.0 41119.5725806 18798.8064516 151498.375 247392.181818 0 0.5 0.0645161290323 0.0887096774194 0.346774193548 
21 46 0 gather_reward 147621.125 146090.0 52542.8790323 394938.666667 279854.0 147621.125 8033.51785714 0 0.0241935483871 0.0725806451613 0.129032258065 0.451612903226 0.322580645161 
22 41 0 gather_reward 294999.944444 231647.0 62828.8951613 294999.944444 4202.09433962 140769.416667 568840.0 0 0.145161290323 0.427419354839 0.0967741935484 0.00806451612903 0.322580645161 
23 36 0 gather_reward 186554.227273 193241.0 53830.3790323 7406.41935484 186554.227273 332884.0 447156.0 0 0.5 0.177419354839 0.0403225806452 0.00806451612903 0.274193548387 
24 31 0 go_charge 136614.066667 93328.0 42499.5725806 300437.333333 4579.88135593 136614.066667 0 0.0241935483871 0.475806451613 0.241935483871 0.258064516129 
25 33 1 stay_charging 10841.3823529 62311.0 38610.6612903 10841.3823529 264494.0 141609.826087 0 0.548387096774 0.0241935483871 0.185483870968 0.241935483871 
26 36 1 stay_charging 109629.517241 63668.0 36972.9758065 218812.6 4864.53125 109629.517241 0 0.0403225806452 0.516129032258 0.233870967742 0.209677419355 
27 39 1 gather_reward 169363.970588 160708.0 50615.0887097 7729.79104478 169363.970588 0 0.540322580645 0.274193548387 0.185483870968 
28 34 0 go_charge 235151.423077 199451.0 65910.2822581 4990.953125 124251.214286 235151.423077 0 0.516129032258 0.112903225806 0.209677419355 0.161290322581 
29 36 1 gather_reward 214756.777778 171248.0 73338.9032258 5337.10769231 338622.666667 214756.777778 0 0.524193548387 0.0241935483871 0.290322580645 0.161290322581 
30 31 0 go_charge 218587.75 233364.0 76075.9919355 6081.60606061 218587.75 387626.0 0 0.532258064516 0.290322580645 0.0241935483871 0.153225806452 
31 33 1 stay_charging 205436.694444 231060.0 69916.2258065 413175.5 6679.70149254 205436.694444 0 0.0161290322581 0.540322580645 0.290322580645 0.153225806452 
32 36 1 gather_reward 96176.96875 84438.0 40757.4919355 3980.12307692 96176.96875 189014.833333 256601.0 326868.0 0 0.524193548387 0.258064516129 0.0483870967742 0.00806451612903 0.00806451612903 0.153225806452 
33 31 0 go_charge 8048.07619048 17607.0 12860.3387097 87809.5 114341.75 38882.6666667 8048.07619048 0 0.0161290322581 0.0322580645161 0.0241935483871 0.846774193548 0.0806451612903 
34 33 1 stay_charging 7539.67889908 16127.0 12012.9112903 34444.6666667 7539.67889908 118453.0 90630.0 0 0.0241935483871 0.879032258065 0.0322580645161 0.00806451612903 0.0564516129032 
35 36 1 stay_charging 7182.58095238 16175.0 13544.5645161 38872.0 7182.58095238 70967.5 107422.6 168563.0 0 0.0161290322581 0.846774193548 0.0161290322581 0.0403225806452 0.00806451612903 0.0725806451613 
36 39 1 stay_charging 8419.74757282 11924.0 13810.4516129 111693.5 43775.25 8419.74757282 0 0.0483870967742 0.0322580645161 0.83064516129 0.0887096774194 
37 42 1 stay_charging 58897.6315789 62493.0 27194.0564516 5262.19444444 58897.6315789 192274.0 123509.0 0 0.58064516129 0.306451612903 0.0161290322581 0.0241935483871 0.0725806451613 
38 45 1 gather_reward 105773.047619 113164.0 47320.0 255907.0 5577.55555556 105773.047619 0 0.0322580645161 0.58064516129 0.338709677419 0.0483870967742 
39 40 0 gather_reward 184315.735294 199961.0 64275.4677419 14969.6385542 184315.735294 460943.0 0 0.66935483871 0.274193548387 0.00806451612903 0.0483870967742 
40 35 0 go_charge 213751.263158 262060.0 75306.4596774 8803.25641026 213751.263158 528799.0 0 0.629032258065 0.306451612903 0.00806451612903 0.0564516129032 
41 37 1 gather_reward 157640.5 133736.0 61991.5645161 9309.89473684 250020.777778 157640.5 0 0.612903225806 0.0725806451613 0.241935483871 0.0725806451613 
42 32 0 go_charge 108866.470588 106297.0 48031.9112903 4959.95714286 211922.222222 108866.470588 0 0.564516129032 0.0725806451613 0.274193548387 0.0887096774194 
43 34 1 stay_charging 117028.73913 97013.0 34662.3387097 238383.0 12552.2555556 117028.73913 0 0.0161290322581 0.725806451613 0.185483870968 0.0725806451613 
44 37 1 stay_charging 8430.81521739 17761.0 20726.0645161 227150.5 8430.81521739 120739.666667 75221.3076923 0 0.0161290322581 0.741935483871 0.0241935483871 0.104838709677 0.112903225806 
45 40 1 stay_charging 5877.59756098 12969.0 22051.0241935 217173.5 106586.625 5877.59756098 50806.5263158 0 0.0161290322581 0.0645161290323 0.661290322581 0.153225806452 0.104838709677 
46 43 1 gather_reward 9406.13186813 5857.0 20688.483871 9406.13186813 115596.5 81416.125 175563.0 0 0.733870967742 0.0161290322581 0.129032258065 0.00806451612903 0.112903225806 
47 38 0 gather_reward 7297.2625 15061.0 20220.1129032 7297.2625 57531.0 98776.0 162891.0 0 0.645161290323 0.0806451612903 0.0967741935484 0.00806451612903 0.16935483871 
