time battery charging  action  match_reward actual_reward exp_reward clusters probs
0 70 1 stay_charging 6236.90410959 5852.0 18461.7642276 6236.90410959 57508.4705882 100469.571429 134572.0 0 0.593495934959 0.138211382114 0.0569105691057 0.00813008130081 0.20325203252 
1 77 1 stay_charging 5962.875 6114.0 17798.504065 136073.0 186661.0 5962.875 76534.2352941 0 0.0162601626016 0.00813008130081 0.585365853659 0.138211382114 0.252032520325 
2 84 1 stay_charging 45683.1666667 40326.0 18437.9593496 206555.0 162695.0 93219.0714286 45683.1666667 4697.83823529 0 0.00813008130081 0.00813008130081 0.113821138211 0.0487804878049 0.552845528455 0.268292682927 
3 87 1 stay_charging 162566.16 141830.0 37878.3252033 9594.83870968 162566.16 0 0.50406504065 0.20325203252 0.292682926829 
4 91 1 gather_reward 148173.684211 110979.0 39088.8455285 9909.38333333 233010.833333 148173.684211 0 0.487804878049 0.0487804878049 0.154471544715 0.308943089431 
5 87 0 go_charge 4395.85245902 11512.0 21096.0813008 4395.85245902 75998.0769231 124187.777778 221006.0 0 0.49593495935 0.105691056911 0.0731707317073 0.00813008130081 0.317073170732 
6 90 1 stay_charging 5452.55932203 11431.0 21704.4227642 211675.0 5452.55932203 96229.65 0 0.0162601626016 0.479674796748 0.162601626016 0.341463414634 
7 96 1 gather_reward 4454.85964912 9965.0 20129.4878049 4454.85964912 100875.55 204489.0 0 0.463414634146 0.162601626016 0.00813008130081 0.365853658537 
8 92 0 gather_reward 4187.84210526 6309.0 19892.1869919 4187.84210526 61673.0 115506.933333 167063.0 0 0.463414634146 0.0406504065041 0.121951219512 0.00813008130081 0.365853658537 
9 88 0 go_charge 3883.87719298 7600.0 19954.6910569 3883.87719298 67406.8571429 121908.153846 176392.0 0 0.463414634146 0.0569105691057 0.105691056911 0.00813008130081 0.365853658537 
10 92 1 gather_reward 6081.2 9027.0 21025.9186992 6081.2 123406.444444 0 0.487804878049 0.146341463415 0.365853658537 
11 88 0 go_charge 6027.57894737 7431.0 25275.8951613 6027.57894737 123924.388889 560000.0 0 0.459677419355 0.145161290323 0.00806451612903 0.387096774194 
12 92 1 gather_reward 8904.7962963 56410.0 29750.4758065 8904.7962963 117769.727273 191273.3 0 0.435483870968 0.0887096774194 0.0806451612903 0.395161290323 
13 88 0 go_charge 102295.7 130235.0 39379.6129032 2255.13043478 102295.7 197704.157895 0 0.370967741935 0.0806451612903 0.153225806452 0.395161290323 
14 92 1 gather_reward 97162.3333333 101275.0 39513.6693548 274733.5 185972.611111 97162.3333333 2728.93617021 0 0.0161290322581 0.145161290323 0.0725806451613 0.379032258065 0.387096774194 
15 88 0 go_charge 120825.933333 104242.0 40389.5080645 3131.91666667 120825.933333 234275.230769 0 0.387096774194 0.120967741935 0.104838709677 0.387096774194 
16 92 1 gather_reward 171402.304348 137044.0 42469.7903226 6947.16326531 327863.333333 171402.304348 0 0.395161290323 0.0241935483871 0.185483870968 0.395161290323 
17 88 0 go_charge 136156.947368 129514.0 41859.2258065 268599.0 3961.08510638 136156.947368 0 0.0725806451613 0.379032258065 0.153225806452 0.395161290323 
18 92 1 gather_reward 106762.071429 119141.0 40957.733871 229940.533333 2871.95744681 106762.071429 0 0.120967741935 0.379032258065 0.112903225806 0.387096774194 
19 88 0 go_charge 14127.1698113 82938.0 41710.7177419 14127.1698113 173476.0625 274628.666667 0 0.427419354839 0.129032258065 0.0483870967742 0.395161290323 
20 92 1 gather_reward 2544.0625 46283.0 41823.3467742 247392.181818 2544.0625 106484.818182 0 0.0887096774194 0.387096774194 0.177419354839 0.346774193548 
21 88 0 go_charge 163161.052632 128581.0 52684.0806452 331432.111111 8033.51785714 163161.052632 0 0.0725806451613 0.451612903226 0.153225806452 0.322580645161 
22 92 1 gather_reward 284363.176471 258561.0 62611.8467742 4202.09433962 140769.416667 284363.176471 508875.5 0 0.427419354839 0.0967741935484 0.137096774194 0.0161290322581 0.322580645161 
23 88 0 go_charge 184963.681818 228233.0 53548.1854839 7406.41935484 184963.681818 332884.0 447156.0 0 0.5 0.177419354839 0.0403225806452 0.00806451612903 0.274193548387 
24 92 1 gather_reward 134905.0 144600.0 42086.0887097 300437.333333 4579.88135593 134905.0 0 0.0241935483871 0.475806451613 0.241935483871 0.258064516129 
25 88 0 go_charge 143034.681818 110263.0 38223.9516129 11587.3188406 264494.0 143034.681818 0 0.556451612903 0.0241935483871 0.177419354839 0.241935483871 
26 92 1 gather_reward 108189.310345 105434.0 36636.1532258 218812.6 4864.53125 108189.310345 0 0.0403225806452 0.516129032258 0.233870967742 0.209677419355 
27 88 0 go_charge 169761.823529 147181.0 50724.1774194 7729.79104478 169761.823529 0 0.540322580645 0.274193548387 0.185483870968 
28 92 1 gather_reward 235634.846154 186882.0 66011.6451613 4990.953125 124251.214286 235634.846154 0 0.516129032258 0.112903225806 0.209677419355 0.161290322581 
29 88 0 go_charge 223591.794872 198280.0 73120.9032258 5337.10769231 223591.794872 0 0.524193548387 0.314516129032 0.161290322581 
30 92 1 gather_reward 218611.472222 232510.0 76082.8790323 6081.60606061 218611.472222 387626.0 0 0.532258064516 0.290322580645 0.0241935483871 0.153225806452 
31 88 0 go_charge 205443.861111 230802.0 69918.3064516 413175.5 6679.70149254 205443.861111 0 0.0161290322581 0.540322580645 0.290322580645 0.153225806452 
32 92 1 gather_reward 95453.65625 107584.0 40570.8306452 3980.12307692 95453.65625 189014.833333 256601.0 326868.0 0 0.524193548387 0.258064516129 0.0483870967742 0.00806451612903 0.00806451612903 0.153225806452 
33 88 0 go_charge 8388.78301887 6762.0 12947.7983871 87809.5 114341.75 41665.0 8388.78301887 0 0.0161290322581 0.0322580645161 0.0161290322581 0.854838709677 0.0806451612903 
34 92 1 gather_reward 7579.63302752 11772.0 12048.0322581 34444.6666667 7579.63302752 118453.0 90630.0 0 0.0241935483871 0.879032258065 0.0322580645161 0.00806451612903 0.0564516129032 
35 88 0 go_charge 7237.21904762 10438.0 13590.8306452 38872.0 7237.21904762 70967.5 107422.6 168563.0 0 0.0161290322581 0.846774193548 0.0161290322581 0.0403225806452 0.00806451612903 0.0725806451613 
36 92 1 gather_reward 8414.70873786 12443.0 13806.266129 111693.5 43775.25 8414.70873786 0 0.0483870967742 0.0322580645161 0.83064516129 0.0887096774194 
37 88 0 go_charge 59082.1315789 55482.0 27250.5967742 5262.19444444 59082.1315789 192274.0 123509.0 0 0.58064516129 0.306451612903 0.0161290322581 0.0241935483871 0.0725806451613 
38 92 1 gather_reward 106199.785714 95241.0 47464.5403226 255907.0 5577.55555556 106199.785714 0 0.0322580645161 0.58064516129 0.338709677419 0.0483870967742 
39 88 0 go_charge 185278.5 167227.0 64539.4516129 14969.6385542 185278.5 460943.0 0 0.66935483871 0.274193548387 0.00806451612903 0.0483870967742 
40 92 1 gather_reward 213589.289474 268215.0 75256.8225806 8803.25641026 213589.289474 528799.0 0 0.629032258065 0.306451612903 0.00806451612903 0.0564516129032 
41 88 0 go_charge 258197.285714 223137.0 61270.5887097 9309.89473684 258197.285714 158831.875 0 0.612903225806 0.0564516129032 0.258064516129 0.0725806451613 
42 92 1 gather_reward 108583.911765 115904.0 47954.4354839 4959.95714286 211922.222222 108583.911765 0 0.564516129032 0.0725806451613 0.274193548387 0.0887096774194 
43 88 0 go_charge 12160.1910112 47446.0 35062.0725806 238383.0 12160.1910112 116194.75 0 0.0161290322581 0.717741935484 0.193548387097 0.0725806451613 
44 92 1 gather_reward 8482.32608696 13022.0 20764.2822581 227150.5 8482.32608696 120739.666667 75221.3076923 0 0.0161290322581 0.741935483871 0.0241935483871 0.104838709677 0.112903225806 
45 88 0 go_charge 60302.1666667 45989.0 21784.733871 217173.5 7760.01123596 60302.1666667 106586.625 0 0.0161290322581 0.717741935484 0.0967741935484 0.0645161290323 0.104838709677 
46 92 1 gather_reward 37786.2 43753.0 20382.8709677 6100.0 37786.2 115596.5 82843.8666667 175563.0 0 0.661290322581 0.0806451612903 0.0161290322581 0.120967741935 0.00806451612903 0.112903225806 
47 88 0 go_charge 7371.05 9158.0 20267.7177419 7371.05 57531.0 98776.0 162891.0 0 0.645161290323 0.0806451612903 0.0967741935484 0.00806451612903 0.16935483871 
