time battery charging  action  match_reward actual_reward exp_reward clusters probs
0 70 1 stay_charging 3512.36363636 5852.0 6132.96052632 3512.36363636 59409.0 10522.0 0 0.723684210526 0.0394736842105 0.118421052632 0.118421052632 
1 76 1 stay_charging 2807.01923077 6114.0 3792.25609756 2807.01923077 14755.6666667 10061.0833333 0 0.634146341463 0.0365853658537 0.146341463415 0.182926829268 
2 82 1 gather_reward 10694.2 40326.0 5662.7375 952.130434783 2981.92592593 10694.2 81222.0 0 0.2875 0.3375 0.125 0.0375 0.2125 
3 72 0 gather_reward 135074.4 141830.0 10545.3846154 986.4 3148.91304348 135074.4 10016.6 0 0.320512820513 0.294871794872 0.0641025641026 0.0641025641026 0.25641025641 
4 62 0 gather_reward 136426.0 110979.0 7269.46052632 2024.86956522 10011.4 136426.0 0 0.605263157895 0.0657894736842 0.0394736842105 0.289473684211 
5 52 0 gather_reward 9667.42857143 11512.0 5225.4 9667.42857143 922.041666667 3328.86956522 83889.0 0 0.0875 0.3 0.2875 0.0375 0.2875 
6 42 0 go_charge 9997.6 11431.0 6203.7195122 937.0 3547.38461538 9997.6 86702.0 0 0.256097560976 0.317073170732 0.0609756097561 0.0487804878049 0.317073170732 
7 47 1 gather_reward 11643.3333333 9965.0 6323.62195122 1883.89130435 11643.3333333 99237.0 0 0.560975609756 0.0365853658537 0.0487804878049 0.353658536585 
8 37 0 go_charge 1869.0 6309.0 6535.2 1869.0 15679.0 123342.333333 13113.5 0 0.541176470588 0.0352941176471 0.0352941176471 0.0470588235294 0.341176470588 
9 42 1 stay_charging 1928.17021277 7600.0 6624.8313253 1928.17021277 13618.0 134921.666667 0 0.566265060241 0.0481927710843 0.0361445783133 0.349397590361 
10 48 1 gather_reward 11774.6666667 9027.0 1510.01282051 1792.54347826 11774.6666667 0 0.589743589744 0.0384615384615 0.371794871795 
11 38 0 go_charge 8901.25 7431.0 1425.64197531 1774.93333333 8901.25 0 0.555555555556 0.0493827160494 0.395061728395 
12 43 1 stay_charging 1883.84444444 56410.0 1086.83333333 1883.84444444 0 0.576923076923 0.423076923077 
13 49 1 gather_reward 207019.666667 130235.0 8770.28395062 1985.2 207019.666667 0 0.555555555556 0.037037037037 0.407407407407 
14 39 0 go_charge 2017.5 101275.0 1189.80769231 2017.5 0 0.589743589744 0.410256410256 
15 44 1 gather_reward 2112.67391304 104242.0 1245.93589744 2112.67391304 0 0.589743589744 0.410256410256 
16 34 0 go_charge 2194.26666667 137044.0 1265.92307692 2194.26666667 0 0.576923076923 0.423076923077 
17 39 1 stay_charging 2305.93333333 129514.0 1330.34615385 2305.93333333 0 0.576923076923 0.423076923077 
18 45 1 gather_reward 2236.46666667 119141.0 1307.02597403 2236.46666667 0 0.584415584416 0.415584415584 
19 35 0 go_charge 2253.02222222 82938.0 1299.82051282 2253.02222222 0 0.576923076923 0.423076923077 
20 40 1 stay_charging 2342.68085106 46283.0 1487.91891892 2342.68085106 0 0.635135135135 0.364864864865 
21 46 1 gather_reward 2241.44897959 128581.0 1504.53424658 2241.44897959 0 0.671232876712 0.328767123288 
22 36 0 go_charge 2493.28 258561.0 1684.64864865 2493.28 0 0.675675675676 0.324324324324 
23 41 1 gather_reward 192692.0 228233.0 9617.33333333 2652.2962963 192692.0 0 0.72 0.04 0.24 
