time battery charging  action  match_reward actual_reward exp_reward clusters probs
0 70 1 stay_charging 3512.36363636 5852.0 6854.48529412 3512.36363636 59409.0 10522.0 0 0.808823529412 0.0441176470588 0.132352941176 0.0147058823529 
1 79 1 stay_charging 2807.01923077 6114.0 4202.22972973 2807.01923077 14755.6666667 10061.0833333 0 0.702702702703 0.0405405405405 0.162162162162 0.0945945945946 
2 88 1 gather_reward 10694.2 40326.0 6291.93055556 952.130434783 2981.92592593 10694.2 81222.0 0 0.319444444444 0.375 0.138888888889 0.0416666666667 0.125 
3 73 0 gather_reward 135074.4 141830.0 11750.5714286 986.4 3148.91304348 135074.4 10016.6 0 0.357142857143 0.328571428571 0.0714285714286 0.0714285714286 0.171428571429 
4 58 0 gather_reward 136426.0 110979.0 8124.69117647 2024.86956522 10011.4 136426.0 0 0.676470588235 0.0735294117647 0.0441176470588 0.205882352941 
5 43 0 go_charge 9667.42857143 11512.0 5806.0 9667.42857143 922.041666667 3328.86956522 83889.0 0 0.0972222222222 0.333333333333 0.319444444444 0.0416666666667 0.208333333333 
6 51 1 stay_charging 9997.6 11431.0 6874.39189189 937.0 3547.38461538 9997.6 86702.0 0 0.283783783784 0.351351351351 0.0675675675676 0.0540540540541 0.243243243243 
7 57 1 gather_reward 11643.3333333 9965.0 7007.25675676 1883.89130435 11643.3333333 99237.0 0 0.621621621622 0.0405405405405 0.0540540540541 0.283783783784 
8 42 0 go_charge 1869.0 6309.0 7214.18181818 1869.0 15679.0 123342.333333 13113.5 0 0.597402597403 0.038961038961 0.038961038961 0.0519480519481 0.272727272727 
9 50 1 stay_charging 1928.17021277 7600.0 7331.48 1928.17021277 13618.0 134921.666667 0 0.626666666667 0.0533333333333 0.04 0.28 
10 56 1 gather_reward 11774.6666667 9027.0 1682.58571429 1792.54347826 11774.6666667 0 0.657142857143 0.0428571428571 0.3 
11 41 0 go_charge 8901.25 7431.0 1581.87671233 1774.93333333 8901.25 0 0.616438356164 0.0547945205479 0.328767123288 
12 49 1 stay_charging 1883.84444444 56410.0 1211.04285714 1883.84444444 0 0.642857142857 0.357142857143 
13 55 1 gather_reward 207019.666667 130235.0 9731.4109589 1985.2 207019.666667 0 0.616438356164 0.041095890411 0.342465753425 
14 40 0 go_charge 2017.5 101275.0 1325.78571429 2017.5 0 0.657142857143 0.342857142857 
15 48 1 gather_reward 2112.67391304 104242.0 1388.32857143 2112.67391304 0 0.657142857143 0.342857142857 
