time charging battery  action  match_reward actual_reward exp_reward clusters probs
0 1 35 stay_charging 3009.23684211 6000.0 2157.56603774 3009.23684211 0 0.716981132075 0.283018867925 
1 1 38 stay_charging 5338.0 6000.0 2301.92982456 3031.47368421 5338.0 0 0.666666666667 0.0526315789474 0.280701754386 
2 1 41 stay_charging 6844.33333333 6000.0 2497.12068966 3187.17948718 6844.33333333 0 0.672413793103 0.051724137931 0.275862068966 
3 1 44 stay_charging 3025.45238095 6000.0 2190.84482759 3025.45238095 0 0.724137931034 0.275862068966 
4 1 47 stay_charging 3046.07317073 6000.0 2153.25862069 3046.07317073 0 0.706896551724 0.293103448276 
5 1 49 stay_charging 3047.53658537 6000.0 2154.29310345 3047.53658537 0 0.706896551724 0.293103448276 
6 1 51 stay_charging 3054.24390244 6000.0 2159.03448276 3054.24390244 0 0.706896551724 0.293103448276 
7 1 53 stay_charging 3081.75609756 6000.0 2178.48275862 3081.75609756 0 0.706896551724 0.293103448276 
8 1 55 stay_charging 3090.46341463 6000.0 2184.63793103 3090.46341463 0 0.706896551724 0.293103448276 
9 1 57 stay_charging 3127.12195122 6000.0 2210.55172414 3127.12195122 0 0.706896551724 0.293103448276 
10 1 59 stay_charging 3152.93939394 6000.0 1793.9137931 3152.93939394 0 0.568965517241 0.431034482759 
11 1 61 stay_charging 3107.07692308 6000.0 1433.83050847 3107.07692308 762.4 0 0.440677966102 0.0847457627119 0.474576271186 
12 1 63 stay_charging 3367.42857143 3000.0 479.355932203 3367.42857143 785.0 0 0.118644067797 0.101694915254 0.779661016949 
13 1 65 stay_charging 0.0 0.0 839.448275862 11466.6666667 1786.0 0 0.051724137931 0.137931034483 0.810344827586 
14 1 68 stay_charging 0.0 0.0 177.5 737.307692308 0 0.240740740741 0.759259259259 
15 1 71 gather_reward 18789.7142857 28800.0 5801.84782609 9668.35714286 18789.7142857 0 0.304347826087 0.152173913043 0.54347826087 
16 0 66 gather_reward 19832.7 30600.0 7482.82222222 9885.71428571 19832.7 0 0.311111111111 0.222222222222 0.466666666667 
17 0 61 gather_reward 18857.1428571 29912.0 6180.60869565 9780.93333333 1398.5 18857.1428571 0 0.326086956522 0.0869565217391 0.152173913043 0.434782608696 
18 0 56 gather_reward 27000.0 28112.0 7447.72727273 27000.0 9284.61538462 18000.0 0 0.0681818181818 0.295454545455 0.159090909091 0.477272727273 
19 0 51 gather_reward 27187.75 27100.0 8317.56 27187.75 9341.66666667 1844.33333333 17927.0 21335.0 0 0.08 0.24 0.06 0.14 0.06 0.42 
20 0 46 gather_reward 39687.6666667 40608.0 12735.6170213 27268.3333333 13482.7 39687.6666667 22062.75 24594.3333333 33615.0 0 0.063829787234 0.212765957447 0.063829787234 0.0851063829787 0.063829787234 0.063829787234 0.446808510638 
21 0 41 gather_reward 27033.3333333 27000.0 7505.78723404 27033.3333333 9787.0625 13793.0 18425.0 0 0.063829787234 0.340425531915 0.063829787234 0.0851063829787 0.446808510638 
22 0 36 gather_reward 26955.75 27000.0 7745.30612245 26955.75 13443.0 9613.33333333 926.333333333 18225.0 0 0.0816326530612 0.122448979592 0.244897959184 0.0612244897959 0.0816326530612 0.408163265306 
23 0 31 go_charge 27244.3333333 27000.0 7269.3902439 27244.3333333 14422.75 9492.81818182 18066.6666667 0 0.0731707317073 0.0975609756098 0.268292682927 0.0731707317073 0.487804878049 
24 1 33 stay_charging 26908.0 27000.0 7272.27659574 26908.0 9869.25 1720.33333333 14568.0 18100.0 0 0.063829787234 0.340425531915 0.063829787234 0.063829787234 0.063829787234 0.404255319149 
25 1 36 stay_charging 15887.0 17472.0 5304.3255814 15887.0 547.333333333 13100.0 2608.75 0 0.162790697674 0.0697674418605 0.186046511628 0.093023255814 0.488372093023 
26 1 39 stay_charging 15837.1428571 41211.0 5308.19047619 1230.66666667 13087.5 15837.1428571 0 0.142857142857 0.190476190476 0.166666666667 0.5 
27 1 42 gather_reward 31606.75 59499.0 8964.52173913 14401.4285714 1222.2 26070.0 31606.75 0 0.304347826087 0.108695652174 0.0652173913043 0.0869565217391 0.434782608696 
28 0 37 gather_reward 25565.3333333 88184.0 9140.6 17326.4444444 25565.3333333 21821.75 0 0.257142857143 0.0857142857143 0.114285714286 0.542857142857 
29 0 32 go_charge 54466.6 93042.0 15222.1944444 54466.6 13500.0 25666.6666667 32531.3333333 15143.0 0 0.138888888889 0.0833333333333 0.0833333333333 0.0833333333333 0.111111111111 0.5 
30 1 34 stay_charging 33041.0 55618.0 9801.36111111 1355.33333333 26267.75 13309.6 33041.0 15000.0 0 0.0833333333333 0.111111111111 0.138888888889 0.111111111111 0.0833333333333 0.472222222222 
31 1 37 gather_reward 36661.3333333 40639.0 9270.24242424 13072.0 36661.3333333 26214.0 9715.0 0 0.181818181818 0.0909090909091 0.0909090909091 0.121212121212 0.515151515152 
32 0 32 go_charge 30416.5 22465.0 8325.2 30416.5 14184.0 8412.0 0 0.114285714286 0.257142857143 0.142857142857 0.485714285714 
33 1 34 stay_charging 27804.3333333 33361.0 11126.34375 50145.75 27804.3333333 13375.0 6182.33333333 0 0.125 0.09375 0.125 0.09375 0.5625 
34 1 37 stay_charging 15871.25 50626.0 3863.0 700.0 15871.25 13372.5 2900.0 0 0.075 0.1 0.15 0.075 0.6 
35 1 40 gather_reward 23054.8888889 97558.0 10548.0487805 23054.8888889 3331.6 13887.8666667 0 0.219512195122 0.121951219512 0.365853658537 0.292682926829 
36 0 35 go_charge 23080.6 105769.0 10050.75 23080.6 3000.0 13268.6666667 0 0.25 0.1 0.3 0.35 
37 1 37 gather_reward 63158.0 113868.0 13317.2222222 13362.5625 23000.0 63158.0 3000.0 0 0.355555555556 0.177777777778 0.0666666666667 0.0888888888889 0.311111111111 
38 0 32 go_charge 23000.0 116340.0 10415.8666667 13229.5294118 23000.0 3000.0 15937.3333333 0 0.377777777778 0.177777777778 0.0888888888889 0.0666666666667 0.288888888889 
39 1 34 stay_charging 23000.0 116424.0 10012.5 13207.3529412 23000.0 3000.0 0 0.404761904762 0.190476190476 0.0952380952381 0.309523809524 
40 1 37 gather_reward 23000.0 116160.0 9891.10638298 13140.5263158 23000.0 3000.0 5553.0 0 0.404255319149 0.170212765957 0.063829787234 0.0851063829787 0.276595744681 
41 0 32 go_charge 23011.5555556 113324.0 7152.92156863 3123.75 23011.5555556 6073.33333333 12833.3333333 0 0.392156862745 0.176470588235 0.0588235294118 0.117647058824 0.254901960784 
42 1 34 stay_charging 23000.0 96040.0 6414.67346939 3056.36842105 23000.0 6082.66666667 12833.3333333 0 0.387755102041 0.142857142857 0.0612244897959 0.122448979592 0.285714285714 
43 1 37 gather_reward 6040.0 43180.0 2367.54 3038.09090909 6040.0 0 0.66 0.06 0.28 
44 0 32 go_charge 6044.0 5968.0 2360.38 3026.87878788 6044.0 0 0.66 0.06 0.28 
45 1 34 stay_charging 3021.97222222 3096.0 2175.82 3021.97222222 0 0.72 0.28 
46 1 37 gather_reward 3082.97297297 15924.0 2193.65384615 3082.97297297 0 0.711538461538 0.288461538462 
47 0 32 go_charge 3010.1025641 13036.0 2173.96296296 3010.1025641 0 0.722222222222 0.277777777778 
