time battery charging  action  match_reward actual_reward exp_reward clusters probs
0 70 1 gather_reward 10522.0 20127.0 6129.31168831 3554.14285714 59409.0 10522.0 0 0.727272727273 0.038961038961 0.116883116883 0.116883116883 
1 60 0 gather_reward 14755.6666667 20059.0 3820.22891566 2869.41509434 14755.6666667 10061.0833333 0 0.638554216867 0.0361445783133 0.144578313253 0.180722891566 
2 50 0 go_charge 10694.2 20063.0 5662.7375 952.130434783 2981.92592593 10694.2 81222.0 0 0.2875 0.3375 0.125 0.0375 0.2125 
3 53 1 gather_reward 10016.6 20032.0 10545.3846154 986.4 3148.91304348 135074.4 10016.6 0 0.320512820513 0.294871794872 0.0641025641026 0.0641025641026 0.25641025641 
4 43 0 go_charge 10011.4 20063.0 7269.46052632 2024.86956522 10011.4 136426.0 0 0.605263157895 0.0657894736842 0.0394736842105 0.289473684211 
5 48 1 gather_reward 9602.16666667 10059.0 5164.21518987 922.041666667 3328.86956522 9602.16666667 83889.0 0 0.303797468354 0.291139240506 0.0759493670886 0.0379746835443 0.291139240506 
6 38 0 go_charge 0.0 127.0 6483.20238095 977.5 3547.38461538 9997.6 12003.6666667 86702.0 0 0.238095238095 0.309523809524 0.0595238095238 0.0357142857143 0.047619047619 0.309523809524 
7 43 1 stay_charging 0.0 116.0 6400.25925926 1923.17777778 11643.3333333 99237.0 0 0.555555555556 0.037037037037 0.0493827160494 0.358024691358 
8 49 1 stay_charging 0.0 239.0 6612.51724138 1905.22222222 6678.66666667 15679.0 123342.333333 13113.5 0 0.51724137931 0.0344827586207 0.0344827586207 0.0344827586207 0.0459770114943 0.333333333333 
9 53 1 stay_charging 0.0 213.0 6762.97674419 1965.45652174 7992.0 13618.0 134921.666667 0 0.53488372093 0.046511627907 0.046511627907 0.0348837209302 0.337209302326 
10 57 1 stay_charging 0.0 426.0 1989.62195122 1822.91111111 9158.8 11774.6666667 0 0.548780487805 0.0609756097561 0.0365853658537 0.353658536585 
11 61 1 stay_charging 0.0 367.0 1438.875 1806.93181818 8901.25 0 0.55 0.05 0.4 
12 65 1 stay_charging 0.0 709.0 3842.09876543 56786.5 1910.54545455 0 0.0493827160494 0.543209876543 0.407407407407 
13 71 1 stay_charging 0.0 594.0 8872.4875 2016.81818182 207019.666667 0 0.55 0.0375 0.4125 
14 77 1 gather_reward 2037.71111111 1108.0 1190.87012987 2037.71111111 0 0.584415584416 0.415584415584 
15 67 0 go_charge 0.0 900.0 1250.42857143 2139.62222222 0 0.584415584416 0.415584415584 
16 72 1 gather_reward 2207.18181818 1626.0 1261.24675325 2207.18181818 0 0.571428571429 0.428571428571 
17 62 0 gather_reward 2329.22727273 1281.0 1330.98701299 2329.22727273 0 0.571428571429 0.428571428571 
18 52 0 gather_reward 2236.40909091 2239.0 1294.76315789 2236.40909091 0 0.578947368421 0.421052631579 
19 42 0 gather_reward 2265.38636364 1709.0 1294.50649351 2265.38636364 0 0.571428571429 0.428571428571 
20 32 0 go_charge 2330.7826087 2890.0 1468.71232877 2330.7826087 0 0.630136986301 0.369863013699 
21 37 1 stay_charging 2243.58333333 2139.0 1495.72222222 2243.58333333 0 0.666666666667 0.333333333333 
22 43 1 stay_charging 2461.95918367 4028.0 1652.54794521 2461.95918367 0 0.671232876712 0.328767123288 
23 49 1 gather_reward 2616.54716981 4547.0 9685.85135135 2616.54716981 192692.0 0 0.716216216216 0.0405405405405 0.243243243243 
