time battery charging  action  match_reward actual_reward exp_reward clusters probs
0 70 1 gather_reward 10522.0 20127.0 6839.95652174 3554.14285714 59409.0 10522.0 0 0.811594202899 0.0434782608696 0.130434782609 0.0144927536232 
1 55 0 gather_reward 14755.6666667 20059.0 4227.72 2869.41509434 14755.6666667 10061.0833333 0 0.706666666667 0.04 0.16 0.0933333333333 
2 40 0 go_charge 10694.2 20063.0 6291.93055556 952.130434783 2981.92592593 10694.2 81222.0 0 0.319444444444 0.375 0.138888888889 0.0416666666667 0.125 
3 48 1 stay_charging 10016.6 20032.0 11750.5714286 986.4 3148.91304348 135074.4 10016.6 0 0.357142857143 0.328571428571 0.0714285714286 0.0714285714286 0.171428571429 
4 54 1 gather_reward 10011.4 20063.0 8124.69117647 2024.86956522 10011.4 136426.0 0 0.676470588235 0.0735294117647 0.0441176470588 0.205882352941 
5 39 0 go_charge 9602.16666667 10059.0 5746.09859155 922.041666667 3328.86956522 9602.16666667 83889.0 0 0.338028169014 0.323943661972 0.0845070422535 0.0422535211268 0.211267605634 
6 47 1 stay_charging 0.0 127.0 7165.64473684 977.5 3547.38461538 9997.6 12003.6666667 86702.0 0 0.263157894737 0.342105263158 0.0657894736842 0.0394736842105 0.0526315789474 0.236842105263 
7 53 1 stay_charging 0.0 116.0 7101.65753425 1923.17777778 11643.3333333 99237.0 0 0.616438356164 0.041095890411 0.0547945205479 0.287671232877 
8 59 1 stay_charging 0.0 239.0 7282.13924051 1905.22222222 6678.66666667 15679.0 123342.333333 13113.5 0 0.569620253165 0.0379746835443 0.0379746835443 0.0379746835443 0.0506329113924 0.26582278481 
9 65 1 stay_charging 0.0 213.0 7456.61538462 1965.45652174 7992.0 13618.0 134921.666667 0 0.589743589744 0.0512820512821 0.0512820512821 0.0384615384615 0.269230769231 
10 74 1 stay_charging 0.0 426.0 2204.71621622 1822.91111111 9158.8 11774.6666667 0 0.608108108108 0.0675675675676 0.0405405405405 0.283783783784 
11 83 1 stay_charging 0.0 367.0 1598.75 1806.93181818 8901.25 0 0.611111111111 0.0555555555556 0.333333333333 
12 92 1 stay_charging 0.0 709.0 4263.15068493 56786.5 1910.54545455 0 0.0547945205479 0.602739726027 0.342465753425 
13 100 1 stay_charging 0.0 594.0 9858.31944444 2016.81818182 207019.666667 0 0.611111111111 0.0416666666667 0.347222222222 
14 100 1 gather_reward 2037.71111111 1108.0 1328.94202899 2037.71111111 0 0.652173913043 0.347826086957 
15 88 0 go_charge 0.0 900.0 1395.4057971 2139.62222222 0 0.652173913043 0.347826086957 
