time battery charging  action  match_reward actual_reward exp_reward clusters probs
0 70 1 stay_charging 0.0 0.0 22.5462184874 44.0 21.5223880597 81.0 115.75 0 0.117647058824 0.563025210084 0.0168067226891 0.0336134453782 0.268907563025 
1 86 1 stay_charging 0.0 0.0 23.8739495798 23.2375 116.0 75.0 791.0 0 0.672268907563 0.00840336134454 0.00840336134454 0.00840336134454 0.302521008403 
2 100 1 stay_charging 0.0 0.0 30.6218487395 84.0 21.2763157895 792.0 983.0 0 0.0252100840336 0.638655462185 0.00840336134454 0.00840336134454 0.319327731092 
3 100 1 stay_charging 0.0 0.0 112.445378151 30.813559322 431.846153846 919.8 1350.0 0 0.495798319328 0.109243697479 0.0420168067227 0.00840336134454 0.344537815126 
4 100 1 stay_charging 0.0 0.0 103.134453782 40.1694915254 918.6 482.727272727 0 0.495798319328 0.0420168067227 0.0924369747899 0.36974789916 
5 100 1 stay_charging 0.0 0.0 15.4117647059 39.2 17.9538461538 83.0 115.0 190.0 0 0.0420168067227 0.546218487395 0.0168067226891 0.00840336134454 0.00840336134454 0.378151260504 
6 100 1 stay_charging 0.0 0.0 27.6806722689 22.3582089552 130.0 195.0 880.0 591.0 0 0.563025210084 0.00840336134454 0.00840336134454 0.00840336134454 0.00840336134454 0.403361344538 
7 100 1 stay_charging 0.0 0.0 24.9495798319 21.75 890.0 600.0 0 0.571428571429 0.00840336134454 0.00840336134454 0.411764705882 
8 100 1 stay_charging 0.0 0.0 13.3445378151 42.375 17.6885245902 170.0 0 0.0672268907563 0.512605042017 0.00840336134454 0.411764705882 
9 100 1 stay_charging 0.0 0.0 13.1092436975 35.0 15.6603773585 170.0 0 0.134453781513 0.445378151261 0.00840336134454 0.411764705882 
10 100 1 stay_charging 0.0 0.0 13.1344537815 10.1785714286 28.1428571429 96.0 0 0.235294117647 0.352941176471 0.00840336134454 0.403361344538 
11 100 1 stay_charging 0.0 0.0 13.4957983193 10.8275862069 28.9487179487 61.0 102.0 0 0.243697478992 0.327731092437 0.00840336134454 0.00840336134454 0.411764705882 
12 100 1 stay_charging 0.0 0.0 40.2016806723 21.7083333333 132.0 970.0 0 0.403361344538 0.176470588235 0.00840336134454 0.411764705882 
13 100 1 stay_charging 0.0 0.0 59.0336134454 23.9545454545 195.04 1095.0 0 0.36974789916 0.210084033613 0.00840336134454 0.411764705882 
14 100 1 stay_charging 0.0 0.0 47.7226890756 21.8571428571 134.823529412 224.454545455 0 0.352941176471 0.142857142857 0.0924369747899 0.411764705882 
15 100 1 stay_charging 0.0 0.0 56.7647058824 57.1639344262 257.0 414.0 798.0 0 0.512605042017 0.0672268907563 0.00840336134454 0.00840336134454 0.403361344538 
16 100 1 stay_charging 0.0 0.0 79.0084033613 78.7462686567 377.0 1120.0 754.5 0 0.563025210084 0.00840336134454 0.0168067226891 0.0168067226891 0.394957983193 
17 100 1 stay_charging 0.0 0.0 73.6386554622 30.9361702128 207.761904762 488.5 752.0 1217.0 0 0.394957983193 0.176470588235 0.0168067226891 0.00840336134454 0.00840336134454 0.394957983193 
18 100 1 stay_charging 0.0 0.0 58.3865546218 23.4666666667 294.333333333 185.0 569.0 0 0.378151260504 0.0252100840336 0.201680672269 0.00840336134454 0.386554621849 
19 100 1 stay_charging 0.0 0.0 58.8487394958 211.8125 37.7222222222 497.0 1080.0 0 0.134453781513 0.453781512605 0.00840336134454 0.00840336134454 0.394957983193 
20 100 1 stay_charging 0.0 0.0 56.756302521 289.333333333 24.5744680851 156.583333333 973.0 0 0.0252100840336 0.394957983193 0.201680672269 0.00840336134454 0.36974789916 
21 100 1 stay_charging 0.0 0.0 148.571428571 403.333333333 59.2542372881 879.461538462 1541.0 0 0.0252100840336 0.495798319328 0.109243697479 0.00840336134454 0.361344537815 
22 100 1 stay_charging 0.0 0.0 213.781512605 61.5789473684 1503.0 916.894736842 0 0.478991596639 0.0252100840336 0.159663865546 0.336134453782 
23 100 1 stay_charging 0.0 0.0 135.848739496 795.916666667 375.3 45.4285714286 0 0.100840336134 0.0840336134454 0.529411764706 0.285714285714 
24 100 1 stay_charging 0.0 0.0 73.9831932773 52.8405797101 239.0 388.0 1079.0 584.0 0 0.579831932773 0.109243697479 0.00840336134454 0.00840336134454 0.00840336134454 0.285714285714 
25 100 1 stay_charging 0.0 0.0 71.5798319328 200.409090909 38.328125 577.0 1079.0 0 0.18487394958 0.53781512605 0.00840336134454 0.00840336134454 0.260504201681 
26 100 1 gather_reward 155.0 110.0 70.218487395 602.0 23.0344827586 155.0 1166.0 0 0.0168067226891 0.487394957983 0.252100840336 0.00840336134454 0.235294117647 
27 88 0 gather_reward 51.5441176471 205.0 169.848739496 51.5441176471 1282.0 673.476190476 0 0.571428571429 0.0168067226891 0.176470588235 0.235294117647 
28 78 0 gather_reward 649.107142857 353.0 279.117647059 1373.7 22.8596491228 649.107142857 0 0.0840336134454 0.478991596639 0.235294117647 0.201680672269 
29 68 0 gather_reward 819.4 667.0 289.823529412 34.9836065574 1554.6 819.4 0 0.512605042017 0.0420168067227 0.252100840336 0.193277310924 
30 58 0 go_charge 53.2089552239 452.0 317.327731092 53.2089552239 1609.14285714 917.32 0 0.563025210084 0.0588235294118 0.210084033613 0.168067226891 
31 69 1 gather_reward 43.3384615385 478.0 316.663865546 43.3384615385 1062.06451613 1942.0 0 0.546218487395 0.260504201681 0.00840336134454 0.18487394958 
32 60 0 gather_reward 517.636363636 439.0 162.193277311 52.6025641026 517.636363636 864.0 0 0.655462184874 0.0924369747899 0.0924369747899 0.159663865546 
33 50 0 gather_reward 36.3272727273 28.0 26.7142857143 68.3333333333 14.1111111111 36.3272727273 136.0 0 0.0504201680672 0.378151260504 0.46218487395 0.00840336134454 0.100840336134 
34 40 0 go_charge 45.4 46.0 25.6806722689 93.0 113.0 45.4 20.9146341463 0 0.00840336134454 0.00840336134454 0.210084033613 0.689075630252 0.0840336134454 
35 53 1 gather_reward 73.0 50.0 28.3193277311 22.2056074766 111.0 73.0 699.0 0 0.899159663866 0.0168067226891 0.00840336134454 0.00840336134454 0.0672268907563 
36 41 0 go_charge 23.3564356436 40.0 29.243697479 112.5 67.3333333333 23.3564356436 694.0 0 0.0168067226891 0.0252100840336 0.848739495798 0.00840336134454 0.100840336134 
37 53 1 stay_charging 25.3108108108 31.0 60.1512605042 25.3108108108 114.46875 946.0 676.0 0 0.621848739496 0.268907563025 0.00840336134454 0.00840336134454 0.0924369747899 
38 66 1 gather_reward 486.0 526.0 98.3025210084 38.2405063291 338.0 201.0 816.0 659.0 486.0 1015.0 0 0.663865546218 0.0168067226891 0.210084033613 0.00840336134454 0.00840336134454 0.00840336134454 0.00840336134454 0.0756302521008 
39 55 0 gather_reward 675.823529412 744.0 239.966386555 59.3214285714 675.823529412 1062.7 1457.0 0 0.705882352941 0.142857142857 0.0840336134454 0.00840336134454 0.0588235294118 
40 45 0 gather_reward 991.884615385 1144.0 384.521008403 38.0138888889 1723.2 991.884615385 0 0.605042016807 0.0840336134454 0.218487394958 0.0924369747899 
41 35 0 gather_reward 1070.85714286 1018.0 236.907563025 1070.85714286 38.7857142857 524.25 0 0.117647058824 0.588235294118 0.168067226891 0.126050420168 
42 23 0 gather_reward 246.85 235.0 98.0672268908 962.0 1183.0 486.333333333 246.85 40.6363636364 0 0.00840336134454 0.00840336134454 0.0252100840336 0.168067226891 0.647058823529 0.142857142857 
43 13 0 gather_reward 229.666666667 138.0 70.2521008403 850.0 1053.0 45.9569892473 402.5 229.666666667 0 0.00840336134454 0.00840336134454 0.781512605042 0.0168067226891 0.0504201680672 0.134453781513 
44 3 0 go_charge 23.3085106383 12.0 29.0336134454 23.3085106383 75.5 811.0 0 0.789915966387 0.0504201680672 0.00840336134454 0.151260504202 
45 19 1 stay_charging 0.0 6.0 29.5378151261 24.75 124.0 88.0 828.0 0 0.840336134454 0.00840336134454 0.00840336134454 0.00840336134454 0.134453781513 
46 33 1 gather_reward 23.0736842105 14.0 28.0756302521 23.0736842105 77.0 122.0 719.0 0 0.798319327731 0.0336134453782 0.00840336134454 0.00840336134454 0.151260504202 
47 23 0 gather_reward 23.2658227848 27.0 29.6806722689 23.2658227848 109.25 67.875 714.0 0 0.663865546218 0.0336134453782 0.0672268907563 0.00840336134454 0.226890756303 
