time battery charging  action  match_reward actual_reward exp_reward clusters probs
0 70 1 gather_reward 10522.0 20127.0 6940.54411765 3554.14285714 59409.0 10522.0 0 0.823529411765 0.0441176470588 0.132352941176 0.0 
1 45 0 go_charge 14755.6666667 20059.0 4284.85135135 2869.41509434 14755.6666667 10061.0833333 0 0.716216216216 0.0405405405405 0.162162162162 0.0810810810811 
2 54 1 stay_charging 10694.2 20063.0 6380.54929577 952.130434783 2981.92592593 10694.2 81222.0 0 0.323943661972 0.380281690141 0.140845070423 0.0422535211268 0.112676056338 
3 64 1 stay_charging 10016.6 20032.0 11920.8695652 986.4 3148.91304348 135074.4 10016.6 0 0.36231884058 0.333333333333 0.0724637681159 0.0724637681159 0.159420289855 
4 74 1 gather_reward 10011.4 20063.0 8245.95522388 2024.86956522 10011.4 136426.0 0 0.686567164179 0.0746268656716 0.044776119403 0.194029850746 
5 49 0 go_charge 9602.16666667 10059.0 5828.18571429 922.041666667 3328.86956522 9602.16666667 83889.0 0 0.342857142857 0.328571428571 0.0857142857143 0.0428571428571 0.2 
6 58 1 stay_charging 0.0 127.0 7261.18666667 977.5 3547.38461538 9997.6 12003.6666667 86702.0 0 0.266666666667 0.346666666667 0.0666666666667 0.04 0.0533333333333 0.226666666667 
7 68 1 stay_charging 0.0 116.0 7200.29166667 1923.17777778 11643.3333333 99237.0 0 0.625 0.0416666666667 0.0555555555556 0.277777777778 
8 83 1 stay_charging 0.0 239.0 7375.5 1905.22222222 6678.66666667 15679.0 123342.333333 13113.5 0 0.576923076923 0.0384615384615 0.0384615384615 0.0384615384615 0.0512820512821 0.25641025641 
9 98 1 stay_charging 0.0 213.0 7553.45454545 1965.45652174 7992.0 13618.0 134921.666667 0 0.597402597403 0.0519480519481 0.0519480519481 0.038961038961 0.25974025974 
