time battery charging  action  match_reward actual_reward exp_reward clusters probs
0 70 1 stay_charging 6041.35616438 20127.0 18345.7073171 6041.35616438 57508.4705882 100469.571429 134572.0 0 0.593495934959 0.138211382114 0.0569105691057 0.00813008130081 0.20325203252 
1 73 1 stay_charging 5769.19444444 20059.0 17685.1300813 136073.0 186661.0 5769.19444444 76534.2352941 0 0.0162601626016 0.00813008130081 0.585365853659 0.138211382114 0.252032520325 
2 76 1 stay_charging 4468.50746269 20063.0 18602.699187 206555.0 162695.0 93219.0714286 44917.8571429 4468.50746269 0 0.00813008130081 0.00813008130081 0.113821138211 0.0569105691057 0.544715447154 0.268292682927 
3 79 1 stay_charging 9423.73770492 20032.0 38868.5528455 9423.73770492 227535.8 146109.761905 0 0.49593495935 0.0406504065041 0.170731707317 0.292682926829 
4 82 1 gather_reward 9737.28813559 20063.0 39828.0 9737.28813559 233010.833333 146313.95 0 0.479674796748 0.0487804878049 0.162601626016 0.308943089431 
5 77 0 go_charge 4419.67213115 10059.0 21107.8943089 4419.67213115 75998.0769231 124187.777778 221006.0 0 0.49593495935 0.105691056911 0.0731707317073 0.00813008130081 0.317073170732 
6 79 1 stay_charging 0.0 127.0 21796.3252033 211675.0 5644.15254237 96229.65 0 0.0162601626016 0.479674796748 0.162601626016 0.341463414634 
7 82 1 stay_charging 0.0 116.0 20209.5609756 4627.64912281 100875.55 204489.0 0 0.463414634146 0.162601626016 0.00813008130081 0.365853658537 
8 85 1 stay_charging 0.0 239.0 19941.5365854 4294.33333333 61673.0 115506.933333 167063.0 0 0.463414634146 0.0406504065041 0.121951219512 0.00813008130081 0.365853658537 
9 88 1 stay_charging 0.0 213.0 20014.7479675 4013.47368421 67406.8571429 121908.153846 176392.0 0 0.463414634146 0.0569105691057 0.105691056911 0.00813008130081 0.365853658537 
10 91 1 stay_charging 0.0 426.0 21095.8455285 6224.55 123406.444444 0 0.487804878049 0.146341463415 0.365853658537 
11 94 1 stay_charging 0.0 367.0 25332.8629032 6151.50877193 123924.388889 560000.0 0 0.459677419355 0.145161290323 0.00806451612903 0.387096774194 
12 97 1 stay_charging 0.0 709.0 30199.6774194 9936.2962963 117769.727273 191273.3 0 0.435483870968 0.0887096774194 0.0806451612903 0.395161290323 
13 100 1 stay_charging 0.0 594.0 40425.1048387 2292.04444444 122972.176471 216849.538462 0 0.362903225806 0.137096774194 0.104838709677 0.395161290323 
14 100 1 stay_charging 0.0 1108.0 40321.4677419 2764.17391304 274733.5 97573.6 185972.611111 0 0.370967741935 0.0161290322581 0.0806451612903 0.145161290323 0.387096774194 
15 100 1 stay_charging 0.0 900.0 41222.9112903 3179.40425532 119789.4375 234275.230769 0 0.379032258065 0.129032258065 0.104838709677 0.387096774194 
16 100 1 stay_charging 0.0 1626.0 43561.8709677 7058.02083333 327863.333333 169970.708333 0 0.387096774194 0.0241935483871 0.193548387097 0.395161290323 
17 100 1 stay_charging 0.0 1281.0 42893.3629032 268599.0 4019.34782609 135824.8 0 0.0725806451613 0.370967741935 0.161290322581 0.395161290323 
18 100 1 gather_reward 2885.7173913 2239.0 41900.4919355 229940.533333 2885.7173913 107587.333333 0 0.120967741935 0.370967741935 0.120967741935 0.387096774194 
19 96 0 go_charge 0.0 1709.0 42365.7903226 15659.7924528 173476.0625 274628.666667 0 0.427419354839 0.129032258065 0.0483870967742 0.395161290323 
20 98 1 stay_charging 0.0 2890.0 42173.2903226 19059.6065574 149504.222222 247392.181818 0 0.491935483871 0.0725806451613 0.0887096774194 0.346774193548 
21 100 1 stay_charging 0.0 2139.0 53703.7741935 394938.666667 279854.0 147531.058824 8140.69090909 0 0.0241935483871 0.0725806451613 0.137096774194 0.443548387097 0.322580645161 
22 100 1 gather_reward 4205.44230769 4028.0 64664.5322581 4205.44230769 140769.416667 282929.722222 508875.5 0 0.41935483871 0.0967741935484 0.145161290323 0.0161290322581 0.322580645161 
23 96 0 gather_reward 7453.29508197 4547.0 55352.1048387 7453.29508197 186844.956522 332884.0 447156.0 0 0.491935483871 0.185483870968 0.0403225806452 0.00806451612903 0.274193548387 
24 92 0 go_charge 4563.27586207 5543.0 43207.516129 300437.333333 4563.27586207 135217.741935 0 0.0241935483871 0.467741935484 0.25 0.258064516129 
25 94 1 stay_charging 0.0 4654.0 39075.6370968 11689.2794118 264494.0 141609.826087 0 0.548387096774 0.0241935483871 0.185483870968 0.241935483871 
26 97 1 stay_charging 4871.34920635 4435.0 37450.6612903 218812.6 4871.34920635 108097.466667 0 0.0403225806452 0.508064516129 0.241935483871 0.209677419355 
27 100 1 gather_reward 7787.15151515 3944.0 51879.3145161 7787.15151515 169116.657143 0 0.532258064516 0.282258064516 0.185483870968 
28 96 0 go_charge 4979.9047619 5687.0 67472.8951613 4979.9047619 124251.214286 233829.185185 0 0.508064516129 0.112903225806 0.217741935484 0.161290322581 
29 98 1 gather_reward 224031.820513 181119.0 73259.2983871 5337.10769231 224031.820513 0 0.524193548387 0.314516129032 0.161290322581 
30 94 0 gather_reward 216952.888889 292219.0 75601.3548387 6081.60606061 216952.888889 387626.0 0 0.532258064516 0.290322580645 0.0241935483871 0.153225806452 
31 90 0 gather_reward 206913.888889 177881.0 70345.0887097 413175.5 6679.70149254 206913.888889 0 0.0161290322581 0.540322580645 0.290322580645 0.153225806452 
32 86 0 gather_reward 96448.5 75749.0 40827.5645161 3980.12307692 96448.5 189014.833333 256601.0 326868.0 0 0.524193548387 0.258064516129 0.0483870967742 0.00806451612903 0.00806451612903 0.153225806452 
33 81 0 gather_reward 8255.71698113 20867.0 12834.0483871 87809.5 114341.75 41665.0 8255.71698113 0 0.0161290322581 0.0322580645161 0.0161290322581 0.854838709677 0.0806451612903 
34 76 0 gather_reward 7517.30275229 18566.0 11993.2419355 34444.6666667 7517.30275229 118453.0 90630.0 0 0.0241935483871 0.879032258065 0.0322580645161 0.00806451612903 0.0564516129032 
35 71 0 go_charge 7178.74285714 16578.0 13541.3145161 38872.0 7178.74285714 70967.5 107422.6 168563.0 0 0.0161290322581 0.846774193548 0.0161290322581 0.0403225806452 0.00806451612903 0.0725806451613 
36 73 1 gather_reward 43775.25 27918.0 13681.4677419 111693.5 43775.25 8264.46601942 0 0.0483870967742 0.0322580645161 0.83064516129 0.0887096774194 
37 68 0 gather_reward 58575.2105263 74745.0 27095.25 5262.19444444 58575.2105263 192274.0 123509.0 0 0.58064516129 0.306451612903 0.0161290322581 0.0241935483871 0.0725806451613 
38 63 0 gather_reward 118453.029412 121478.0 47252.9516129 255907.0 10104.1875 118453.029412 0 0.0322580645161 0.645161290323 0.274193548387 0.0483870967742 
39 58 0 gather_reward 14420.5487805 59995.0 65404.2258065 14420.5487805 184762.742857 460943.0 0 0.661290322581 0.282258064516 0.00806451612903 0.0483870967742 
40 53 0 go_charge 7738.25974026 90808.0 76687.5241935 7738.25974026 211725.131579 339053.0 528799.0 0 0.620967741935 0.306451612903 0.00806451612903 0.00806451612903 0.0564516129032 
41 54 1 gather_reward 157195.633333 147082.0 61883.9354839 9309.89473684 250020.777778 157195.633333 0 0.612903225806 0.0725806451613 0.241935483871 0.0725806451613 
42 49 0 gather_reward 211384.75 216222.0 47145.4193548 4959.95714286 211384.75 108793.057143 0 0.564516129032 0.0645161290323 0.282258064516 0.0887096774194 
43 44 0 gather_reward 114174.913043 162651.0 34133.0 238383.0 12552.2555556 114174.913043 0 0.0161290322581 0.725806451613 0.185483870968 0.0725806451613 
44 39 0 gather_reward 73615.8333333 94487.0 20107.3064516 227150.5 8531.13978495 73615.8333333 120739.666667 0 0.0161290322581 0.75 0.0967741935484 0.0241935483871 0.112903225806 
45 34 0 go_charge 77630.125 98921.0 21357.8629032 5963.03614458 77630.125 43679.7142857 121634.75 217173.5 0 0.66935483871 0.0645161290323 0.112903225806 0.0322580645161 0.0161290322581 0.104838709677 
46 36 1 stay_charging 9356.41758242 10381.0 20652.0 9356.41758242 115596.5 81416.125 175563.0 0 0.733870967742 0.0161290322581 0.129032258065 0.00806451612903 0.112903225806 
47 39 1 stay_charging 0.0 79.0 20340.9354839 7484.5375 57531.0 98776.0 162891.0 0 0.645161290323 0.0806451612903 0.0967741935484 0.00806451612903 0.16935483871 
