time battery charging  action  match_reward actual_reward exp_reward clusters probs
0 43 0 go_charge 22.6666666667 21.0 22.9203539823 46.9 22.6666666667 81.0 115.75 0 0.0884955752212 0.58407079646 0.0176991150442 0.0353982300885 0.274336283186 
1 55 1 stay_charging 22.6184210526 29.0 24.4159292035 66.5 22.6184210526 116.0 791.0 0 0.0176991150442 0.672566371681 0.00884955752212 0.00884955752212 0.29203539823 
2 72 1 gather_reward 21.2837837838 26.0 23.1769911504 84.0 21.2837837838 792.0 0 0.0265486725664 0.654867256637 0.00884955752212 0.309734513274 
3 61 0 gather_reward 898.0 1007.0 92.5663716814 898.0 30.813559322 528.666666667 313.0 0 0.0353982300885 0.522123893805 0.0530973451327 0.0530973451327 0.336283185841 
4 50 0 gather_reward 897.75 1002.0 90.6814159292 40.1694915254 897.75 476.222222222 0 0.522123893805 0.0353982300885 0.0796460176991 0.362831858407 
5 37 0 go_charge 19.3235294118 24.0 15.0088495575 19.3235294118 115.0 77.0 190.0 0 0.601769911504 0.00884955752212 0.00884955752212 0.00884955752212 0.371681415929 
6 50 1 stay_charging 22.1384615385 23.0 28.6283185841 22.1384615385 130.0 195.0 880.0 591.0 0 0.575221238938 0.00884955752212 0.00884955752212 0.00884955752212 0.00884955752212 0.389380530973 
7 62 1 gather_reward 21.9538461538 21.0 25.814159292 21.9538461538 890.0 600.0 0 0.575221238938 0.00884955752212 0.00884955752212 0.407079646018 
8 51 0 go_charge 17.7413793103 20.0 13.610619469 42.375 17.7413793103 170.0 0 0.070796460177 0.513274336283 0.00884955752212 0.407079646018 
9 67 1 stay_charging 15.92 17.0 13.5044247788 35.0 15.92 170.0 0 0.141592920354 0.442477876106 0.00884955752212 0.407079646018 
10 85 1 stay_charging 6.28571428571 13.0 13.5575221239 36.6428571429 6.28571428571 21.4102564103 96.0 0 0.12389380531 0.12389380531 0.345132743363 0.00884955752212 0.398230088496 
11 100 1 gather_reward 12.0303030303 14.0 13.7610619469 12.0303030303 31.09375 61.0 102.0 0 0.29203539823 0.283185840708 0.00884955752212 0.00884955752212 0.407079646018 
12 88 0 gather_reward 180.857142857 176.0 32.0619469027 21.8510638298 180.857142857 102.307692308 0 0.41592920354 0.0619469026549 0.115044247788 0.407079646018 
13 78 0 gather_reward 196.434782609 225.0 49.3097345133 23.9545454545 196.434782609 0 0.389380530973 0.203539823009 0.407079646018 
14 68 0 gather_reward 135.714285714 100.0 46.7876106195 21.8571428571 135.714285714 224.454545455 0 0.371681415929 0.12389380531 0.0973451327434 0.407079646018 
15 56 0 go_charge 56.0 141.0 57.6637168142 56.0 257.0 414.0 798.0 0 0.513274336283 0.070796460177 0.00884955752212 0.00884955752212 0.398230088496 
16 72 1 gather_reward 76.09375 169.0 79.610619469 76.09375 377.0 1120.0 754.5 0 0.566371681416 0.00884955752212 0.0176991150442 0.0176991150442 0.389380530973 
17 61 0 go_charge 28.4444444444 104.0 74.2920353982 28.4444444444 208.45 488.5 752.0 1217.0 0 0.398230088496 0.176991150442 0.0176991150442 0.00884955752212 0.00884955752212 0.389380530973 
18 77 1 gather_reward 220.2 183.0 58.2654867257 220.2 32.8775510204 569.0 0 0.176991150442 0.433628318584 0.00884955752212 0.380530973451 
19 67 0 gather_reward 206.666666667 289.0 57.7345132743 206.666666667 35.5192307692 497.0 1080.0 0 0.132743362832 0.46017699115 0.00884955752212 0.00884955752212 0.389380530973 
20 56 0 gather_reward 300.5 267.0 55.1238938053 300.5 24.1777777778 155.086956522 973.0 0 0.0176991150442 0.398230088496 0.203539823009 0.00884955752212 0.371681415929 
21 47 0 gather_reward 423.5 363.0 138.787610619 423.5 60.1379310345 1150.0 834.111111111 1541.0 0 0.0176991150442 0.513274336283 0.0176991150442 0.0796460176991 0.00884955752212 0.362831858407 
22 38 0 go_charge 918.9375 883.0 201.0 62.5178571429 1503.0 918.9375 0 0.495575221239 0.0265486725664 0.141592920354 0.336283185841 
23 51 1 gather_reward 796.090909091 794.0 131.03539823 796.090909091 367.111111111 45.0163934426 0 0.0973451327434 0.0796460176991 0.53982300885 0.283185840708 
24 39 0 go_charge 236.0 275.0 72.982300885 50.9696969697 236.0 388.0 1079.0 584.0 0 0.58407079646 0.106194690265 0.00884955752212 0.00884955752212 0.00884955752212 0.283185840708 
25 55 1 gather_reward 199.761904762 214.0 71.5486725664 199.761904762 36.6229508197 577.0 1079.0 0 0.185840707965 0.53982300885 0.00884955752212 0.00884955752212 0.256637168142 
26 45 0 go_charge 155.928571429 133.0 71.3716814159 602.0 23.3157894737 155.928571429 1166.0 0 0.0176991150442 0.504424778761 0.247787610619 0.00884955752212 0.221238938053 
27 61 1 stay_charging 50.9393939394 255.0 173.309734513 50.9393939394 1282.0 682.9 0 0.58407079646 0.0176991150442 0.176991150442 0.221238938053 
28 74 1 gather_reward 670.153846154 676.0 276.716814159 1375.77777778 25.6666666667 670.153846154 0 0.0796460176991 0.504424778761 0.230088495575 0.185840707965 
29 63 0 gather_reward 1041.0 875.0 279.292035398 35.4666666667 1562.0 1041.0 574.0 0 0.530973451327 0.0353982300885 0.12389380531 0.132743362832 0.176991150442 
30 52 0 gather_reward 936.363636364 659.0 317.530973451 59.0735294118 1609.14285714 936.363636364 0 0.601769911504 0.0619469026549 0.194690265487 0.141592920354 
31 43 0 gather_reward 1348.84615385 1205.0 318.601769912 37.1111111111 1348.84615385 788.166666667 1942.0 0 0.557522123894 0.115044247788 0.159292035398 0.00884955752212 0.159292035398 
32 33 0 go_charge 1081.0 968.0 158.610619469 51.9480519481 511.083333333 1081.0 804.0 0 0.681415929204 0.106194690265 0.0176991150442 0.0619469026549 0.132743362832 
33 49 1 gather_reward 36.1132075472 37.0 27.2300884956 68.3333333333 14.3488372093 36.1132075472 136.0 0 0.0530973451327 0.380530973451 0.469026548673 0.00884955752212 0.0884955752212 
34 38 0 go_charge 45.875 38.0 26.2389380531 93.0 113.0 45.875 21.2564102564 0 0.00884955752212 0.00884955752212 0.212389380531 0.690265486726 0.0796460176991 
35 50 1 stay_charging 67.0 54.0 28.2654867257 22.1078431373 67.0 106.0 699.0 0 0.902654867257 0.0176991150442 0.00884955752212 0.00884955752212 0.0619469026549 
36 62 1 gather_reward 91.5 65.0 28.9911504425 23.99 91.5 694.0 0 0.884955752212 0.0176991150442 0.00884955752212 0.0884955752212 
37 51 0 go_charge 111.64516129 202.0 60.9292035398 25.3802816901 111.64516129 946.0 676.0 0 0.628318584071 0.274336283186 0.00884955752212 0.00884955752212 0.0796460176991 
38 67 1 gather_reward 199.173913043 264.0 103.194690265 38.6933333333 338.0 199.173913043 506.0 659.0 1015.0 816.0 0 0.663716814159 0.0176991150442 0.203539823009 0.0176991150442 0.00884955752212 0.00884955752212 0.00884955752212 0.070796460177 
39 55 0 gather_reward 671.6875 774.0 242.415929204 57.025 671.6875 1062.7 1457.0 0 0.70796460177 0.141592920354 0.0884955752212 0.00884955752212 0.0530973451327 
40 45 0 gather_reward 974.461538462 883.0 394.637168142 29.7941176471 1723.2 974.461538462 0 0.601769911504 0.0884955752212 0.230088495575 0.0796460176991 
41 35 0 go_charge 652.9 372.0 248.194690265 72.4605263158 652.9 1067.33333333 0 0.672566371681 0.0884955752212 0.132743362832 0.106194690265 
42 46 1 gather_reward 245.5 313.0 98.4690265487 962.0 1183.0 486.333333333 245.5 41.3866666667 0 0.00884955752212 0.00884955752212 0.0265486725664 0.159292035398 0.663716814159 0.132743362832 
43 34 0 go_charge 229.666666667 166.0 71.2389380531 850.0 1053.0 45.0454545455 402.5 229.666666667 0 0.00884955752212 0.00884955752212 0.778761061947 0.0176991150442 0.0530973451327 0.132743362832 
44 50 1 stay_charging 23.6 23.0 29.982300885 23.6 75.5 811.0 0 0.796460176991 0.0530973451327 0.00884955752212 0.141592920354 
45 62 1 gather_reward 25.585106383 24.0 30.4867256637 25.585106383 124.0 88.0 828.0 0 0.83185840708 0.00884955752212 0.00884955752212 0.00884955752212 0.141592920354 
46 52 0 go_charge 23.8539325843 33.0 28.9557522124 23.8539325843 77.0 122.0 719.0 0 0.787610619469 0.0353982300885 0.00884955752212 0.00884955752212 0.159292035398 
47 64 1 gather_reward 23.6 27.0 30.6548672566 23.6 109.25 67.875 714.0 0 0.663716814159 0.0353982300885 0.070796460177 0.00884955752212 0.221238938053 
