time battery charging  action  match_reward actual_reward exp_reward clusters probs
0 70 1 stay_charging 6236.90410959 5852.0 18766.9173554 6236.90410959 57508.4705882 100469.571429 134572.0 0 0.603305785124 0.140495867769 0.0578512396694 0.00826446280992 0.190082644628 
1 73 1 stay_charging 5962.875 6114.0 18092.6942149 136073.0 186661.0 5962.875 76534.2352941 0 0.0165289256198 0.00826446280992 0.595041322314 0.140495867769 0.239669421488 
2 76 1 gather_reward 45683.1666667 40326.0 18742.7190083 206555.0 162695.0 93219.0714286 45683.1666667 4697.83823529 0 0.00826446280992 0.00826446280992 0.115702479339 0.0495867768595 0.561983471074 0.256198347107 
3 71 0 gather_reward 162566.16 141830.0 38504.4132231 9594.83870968 162566.16 0 0.512396694215 0.206611570248 0.280991735537 
4 66 0 gather_reward 148173.684211 110979.0 39734.9421488 9909.38333333 233010.833333 148173.684211 0 0.495867768595 0.0495867768595 0.157024793388 0.297520661157 
5 61 0 go_charge 4395.85245902 11512.0 21444.7768595 4395.85245902 75998.0769231 124187.777778 221006.0 0 0.504132231405 0.107438016529 0.0743801652893 0.00826446280992 0.305785123967 
6 62 1 stay_charging 5452.55932203 11431.0 22063.1735537 211675.0 5452.55932203 96229.65 0 0.0165289256198 0.487603305785 0.165289256198 0.330578512397 
7 64 1 stay_charging 4454.85964912 9965.0 20462.2066116 4454.85964912 100875.55 204489.0 0 0.471074380165 0.165289256198 0.00826446280992 0.355371900826 
8 66 1 stay_charging 4187.84210526 6309.0 20220.9834711 4187.84210526 61673.0 115506.933333 167063.0 0 0.471074380165 0.0413223140496 0.123966942149 0.00826446280992 0.355371900826 
9 69 1 stay_charging 3883.87719298 7600.0 20284.5206612 3883.87719298 67406.8571429 121908.153846 176392.0 0 0.471074380165 0.0578512396694 0.107438016529 0.00826446280992 0.355371900826 
10 72 1 stay_charging 6081.2 9027.0 21373.4545455 6081.2 123406.444444 0 0.495867768595 0.148760330579 0.355371900826 
11 75 1 stay_charging 6027.57894737 7431.0 25690.2540984 6027.57894737 123924.388889 560000.0 0 0.467213114754 0.147540983607 0.00819672131148 0.377049180328 
12 78 1 stay_charging 8904.7962963 56410.0 30238.1885246 8904.7962963 117769.727273 191273.3 0 0.44262295082 0.0901639344262 0.0819672131148 0.385245901639 
13 81 1 gather_reward 102295.7 130235.0 40025.1803279 2255.13043478 102295.7 197704.157895 0 0.377049180328 0.0819672131148 0.155737704918 0.385245901639 
14 76 0 gather_reward 97162.3333333 101275.0 40161.4344262 274733.5 185972.611111 97162.3333333 2728.93617021 0 0.016393442623 0.147540983607 0.0737704918033 0.385245901639 0.377049180328 
15 71 0 gather_reward 120825.933333 104242.0 41051.6311475 3131.91666667 120825.933333 234275.230769 0 0.393442622951 0.122950819672 0.106557377049 0.377049180328 
16 66 0 gather_reward 171402.304348 137044.0 43166.0163934 6947.16326531 327863.333333 171402.304348 0 0.401639344262 0.0245901639344 0.188524590164 0.385245901639 
17 61 0 gather_reward 136156.947368 129514.0 42545.442623 268599.0 3961.08510638 136156.947368 0 0.0737704918033 0.385245901639 0.155737704918 0.385245901639 
18 56 0 gather_reward 106762.071429 119141.0 41629.1721311 229940.533333 2871.95744681 106762.071429 0 0.122950819672 0.385245901639 0.114754098361 0.377049180328 
19 51 0 go_charge 14127.1698113 82938.0 42394.5 14127.1698113 173476.0625 274628.666667 0 0.434426229508 0.131147540984 0.0491803278689 0.385245901639 
20 52 1 stay_charging 2544.0625 46283.0 42508.9754098 247392.181818 2544.0625 106484.818182 0 0.0901639344262 0.393442622951 0.180327868852 0.33606557377 
21 54 1 gather_reward 163161.052632 128581.0 53547.7540984 331432.111111 8033.51785714 163161.052632 0 0.0737704918033 0.459016393443 0.155737704918 0.311475409836 
22 49 0 gather_reward 284363.176471 258561.0 63638.2704918 4202.09433962 140769.416667 284363.176471 508875.5 0 0.434426229508 0.0983606557377 0.139344262295 0.016393442623 0.311475409836 
23 44 0 gather_reward 184963.681818 228233.0 54426.0245902 7406.41935484 184963.681818 332884.0 447156.0 0 0.508196721311 0.180327868852 0.0409836065574 0.00819672131148 0.262295081967 
24 39 0 gather_reward 134905.0 144600.0 42776.0245902 300437.333333 4579.88135593 134905.0 0 0.0245901639344 0.483606557377 0.245901639344 0.245901639344 
25 34 0 go_charge 143034.681818 110263.0 38850.5737705 11587.3188406 264494.0 143034.681818 0 0.565573770492 0.0245901639344 0.180327868852 0.229508196721 
26 36 1 stay_charging 108189.310345 105434.0 37236.7459016 218812.6 4864.53125 108189.310345 0 0.0409836065574 0.524590163934 0.237704918033 0.196721311475 
27 39 1 gather_reward 171683.636364 147181.0 50684.0655738 7729.79104478 171683.636364 0 0.549180327869 0.270491803279 0.180327868852 
28 34 0 go_charge 236715.72 186882.0 65383.8606557 4990.953125 124251.214286 236715.72 0 0.524590163934 0.114754098361 0.204918032787 0.155737704918 
29 36 1 gather_reward 224020.973684 198280.0 72620.5655738 5337.10769231 224020.973684 0 0.532786885246 0.311475409836 0.155737704918 
30 31 0 go_charge 218126.571429 232510.0 75399.1311475 6081.60606061 218126.571429 387626.0 0 0.540983606557 0.286885245902 0.0245901639344 0.147540983607 
31 33 1 stay_charging 205532.314286 230802.0 69405.9180328 413175.5 6679.70149254 205532.314286 0 0.016393442623 0.549180327869 0.286885245902 0.147540983607 
32 36 1 gather_reward 96104.2903226 107584.0 40534.057377 3880.6875 96104.2903226 189014.833333 256601.0 326868.0 0 0.524590163934 0.254098360656 0.0491803278689 0.00819672131148 0.00819672131148 0.155737704918 
33 31 0 go_charge 8071.11650485 6762.0 12958.6803279 87809.5 114341.75 38882.6666667 8071.11650485 0 0.016393442623 0.0327868852459 0.0245901639344 0.844262295082 0.0819672131148 
34 33 1 stay_charging 7532.45794393 11772.0 12079.9098361 34444.6666667 7532.45794393 118453.0 90630.0 0 0.0245901639344 0.877049180328 0.0327868852459 0.00819672131148 0.0573770491803 
35 36 1 stay_charging 7178.94174757 10438.0 13645.7868852 38872.0 7178.94174757 70967.5 107422.6 168563.0 0 0.016393442623 0.844262295082 0.016393442623 0.0409836065574 0.00819672131148 0.0737704918033 
36 39 1 stay_charging 8294.9009901 12443.0 13795.4672131 111693.5 43775.25 8294.9009901 0 0.0491803278689 0.0327868852459 0.827868852459 0.0901639344262 
37 42 1 stay_charging 59257.5 55482.0 26780.5163934 5262.19444444 59257.5 192274.0 123509.0 0 0.590163934426 0.295081967213 0.016393442623 0.0245901639344 0.0737704918033 
38 45 1 gather_reward 106196.475 95241.0 46500.5819672 255907.0 5577.55555556 106196.475 0 0.0327868852459 0.590163934426 0.327868852459 0.0491803278689 
39 40 0 gather_reward 187232.625 167227.0 63072.6803279 14969.6385542 187232.625 460943.0 0 0.680327868852 0.262295081967 0.00819672131148 0.0491803278689 
40 35 0 go_charge 210962.742857 268215.0 73263.9508197 8803.25641026 210962.742857 339053.0 528799.0 0 0.639344262295 0.286885245902 0.00819672131148 0.00819672131148 0.0573770491803 
41 37 1 gather_reward 258197.285714 223137.0 59615.6557377 4203.94285714 258197.285714 143651.472222 0 0.573770491803 0.0573770491803 0.295081967213 0.0737704918033 
42 32 0 go_charge 129502.954545 115904.0 47207.4344262 12536.775 129502.954545 211922.222222 0 0.655737704918 0.180327868852 0.0737704918033 0.0901639344262 
43 34 1 stay_charging 11529.9425287 47446.0 34988.0737705 238383.0 11529.9425287 116194.75 0 0.016393442623 0.713114754098 0.196721311475 0.0737704918033 
44 37 1 stay_charging 8411.33333333 13022.0 20913.2540984 227150.5 8411.33333333 120739.666667 75221.3076923 0 0.016393442623 0.737704918033 0.0245901639344 0.106557377049 0.114754098361 
45 40 1 gather_reward 60302.1666667 45989.0 21908.9754098 217173.5 7611.82758621 60302.1666667 106586.625 0 0.016393442623 0.713114754098 0.0983606557377 0.0655737704918 0.106557377049 
46 35 0 go_charge 9448.16666667 43753.0 20489.7459016 9448.16666667 115596.5 82843.8666667 175563.0 0 0.737704918033 0.016393442623 0.122950819672 0.00819672131148 0.114754098361 
47 37 1 gather_reward 7290.57692308 9158.0 20427.6885246 7290.57692308 57531.0 98776.0 162891.0 0 0.639344262295 0.0819672131148 0.0983606557377 0.00819672131148 0.172131147541 
