time battery charging  action  match_reward actual_reward exp_reward clusters probs
0 70 1 gather_reward 4.67948717949 6.0 3.96581196581 15.0 18.0 4.67948717949 9.0 0 0.025641025641 0.00854700854701 0.666666666667 0.034188034188 0.264957264957 
1 60 0 gather_reward 5.375 6.0 3.25641025641 11.0 2.86486486486 7.6 5.375 0 0.017094017094 0.316239316239 0.042735042735 0.34188034188 0.282051282051 
2 48 0 gather_reward 5.23636363636 7.0 2.93162393162 2.03703703704 5.23636363636 0 0.230769230769 0.470085470085 0.299145299145 
3 38 0 go_charge 5.70454545455 6.0 3.02564102564 2.06666666667 8.2 5.70454545455 0 0.25641025641 0.042735042735 0.376068376068 0.324786324786 
4 51 1 stay_charging 2.5 4.0 2.87179487179 6.15 2.5 0 0.34188034188 0.307692307692 0.350427350427 
5 64 1 gather_reward 2.63157894737 4.0 2.65811965812 5.86111111111 2.63157894737 0 0.307692307692 0.324786324786 0.367521367521 
6 53 0 gather_reward 5.36538461538 5.0 2.70085470085 1.85 5.36538461538 0 0.17094017094 0.444444444444 0.384615384615 
7 40 0 go_charge 5.17021276596 4.0 2.47863247863 2.13636363636 5.17021276596 0 0.188034188034 0.401709401709 0.410256410256 
8 53 1 gather_reward 5.13333333333 4.0 2.38461538462 2.08695652174 5.13333333333 0 0.196581196581 0.384615384615 0.418803418803 
9 43 0 go_charge 3.0 3.0 2.44444444444 0 2 3 4 5 6 0.418803418803 0.136752136752 0.042735042735 0.102564102564 0.162393162393 0.136752136752 
10 55 1 stay_charging 2.08695652174 2.0 2.38461538462 2.08695652174 5.13333333333 0 0.196581196581 0.384615384615 0.418803418803 
11 68 1 gather_reward 5.125 4.0 2.45299145299 1.95238095238 5.125 0 0.179487179487 0.410256410256 0.410256410256 
12 55 0 gather_reward 5.0 5.0 2.39316239316 0 2 3 4 5 6 0.418803418803 0.153846153846 0.042735042735 0.102564102564 0.145299145299 0.136752136752 
13 42 0 go_charge 5.125 6.0 2.45299145299 1.95238095238 5.125 0 0.179487179487 0.410256410256 0.410256410256 
14 54 1 gather_reward 5.18367346939 5.0 2.48717948718 1.94736842105 5.18367346939 0 0.162393162393 0.418803418803 0.418803418803 
15 43 0 gather_reward 5.725 5.0 2.65811965812 2.5 8.5 5.725 0 0.222222222222 0.017094017094 0.34188034188 0.418803418803 
16 33 0 go_charge 8.2 8.0 2.78632478632 2.05 8.2 5.54545454545 0 0.17094017094 0.042735042735 0.376068376068 0.410256410256 
17 49 1 gather_reward 6.3023255814 8.0 2.87179487179 6.3023255814 2.5 0 0.367521367521 0.222222222222 0.410256410256 
18 39 0 go_charge 6.42105263158 6.0 2.84615384615 6.42105263158 2.78125 0 0.324786324786 0.273504273504 0.401709401709 
19 52 1 gather_reward 5.72093023256 4.0 2.89743589744 2.04761904762 8.33333333333 5.72093023256 0 0.179487179487 0.0512820512821 0.367521367521 0.401709401709 
20 42 0 go_charge 5.85714285714 6.0 2.8547008547 2.42307692308 8.33333333333 5.85714285714 0 0.222222222222 0.025641025641 0.358974358974 0.393162393162 
21 58 1 gather_reward 8.33333333333 9.0 2.7094017094 2.55172413793 8.33333333333 5.73684210526 0 0.247863247863 0.025641025641 0.324786324786 0.401709401709 
22 49 0 gather_reward 9.33333333333 22.0 2.83760683761 2.51612903226 9.33333333333 5.94736842105 0 0.264957264957 0.025641025641 0.324786324786 0.384615384615 
23 36 0 go_charge 22.5 23.0 3.28205128205 22.5 2.32142857143 6.2619047619 11.0 0 0.017094017094 0.239316239316 0.358974358974 0.00854700854701 0.376068376068 
24 49 1 gather_reward 20.0833333333 23.0 5.18803418803 20.0833333333 4.93846153846 45.0 0 0.102564102564 0.555555555556 0.00854700854701 0.333333333333 
25 37 0 go_charge 20.6923076923 23.0 5.52136752137 4.67605633803 20.6923076923 45.0 0 0.606837606838 0.111111111111 0.00854700854701 0.273504273504 
26 50 1 gather_reward 20.6923076923 25.0 5.66666666667 4.84722222222 20.6923076923 45.0 0 0.615384615385 0.111111111111 0.00854700854701 0.264957264957 
27 40 0 go_charge 20.3125 25.0 6.0 4.75342465753 20.3125 30.0 0 0.623931623932 0.136752136752 0.00854700854701 0.230769230769 
28 51 1 gather_reward 21.3333333333 23.0 5.95726495726 4.50649350649 21.3333333333 30.0 0 0.65811965812 0.128205128205 0.00854700854701 0.205128205128 
29 41 0 go_charge 23.0 24.0 6.23931623932 4.82666666667 23.0 0 0.641025641026 0.136752136752 0.222222222222 
30 53 1 gather_reward 23.0714285714 24.0 6.48717948718 5.11392405063 16.0 23.0714285714 0 0.675213675214 0.017094017094 0.119658119658 0.188034188034 
31 42 0 go_charge 23.2666666667 26.0 6.86324786325 5.20987654321 16.0 23.2666666667 0 0.692307692308 0.017094017094 0.128205128205 0.162393162393 
32 54 1 gather_reward 22.0 26.0 6.94017094017 5.0 22.0 30.0 0 0.735042735043 0.136752136752 0.00854700854701 0.119658119658 
33 44 0 go_charge 23.2857142857 23.0 6.80341880342 5.09302325581 16.0 23.2857142857 0 0.735042735043 0.017094017094 0.119658119658 0.128205128205 
34 56 1 gather_reward 22.7142857143 23.0 6.5811965812 4.73255813953 15.0 22.7142857143 0 0.735042735043 0.025641025641 0.119658119658 0.119658119658 
35 45 0 gather_reward 20.2 24.0 6.95726495726 4.88505747126 28.6666666667 20.2 0 0.74358974359 0.025641025641 0.128205128205 0.102564102564 
36 35 0 go_charge 22.0625 25.0 6.95726495726 5.06593406593 22.0625 0 0.777777777778 0.136752136752 0.0854700854701 
37 48 1 gather_reward 21.9375 26.0 6.53846153846 21.9375 4.36956521739 12.0 0 0.136752136752 0.786324786325 0.00854700854701 0.0683760683761 
38 37 0 go_charge 21.75 32.0 6.5811965812 21.75 12.5 4.4606741573 0 0.136752136752 0.017094017094 0.760683760684 0.0854700854701 
39 53 1 gather_reward 22.4 37.0 6.88034188034 4.86666666667 15.5 22.4 0 0.769230769231 0.017094017094 0.128205128205 0.0854700854701 
40 43 0 gather_reward 18.4 19.0 7.34188034188 5.08791208791 18.4 25.3333333333 0 0.777777777778 0.042735042735 0.102564102564 0.0769230769231 
41 32 0 go_charge 19.6 19.0 7.88888888889 5.30107526882 27.0 19.6 35.0 0 0.794871794872 0.0940170940171 0.042735042735 0.00854700854701 0.0598290598291 
42 46 1 gather_reward 20.2857142857 18.0 6.70085470085 12.3333333333 4.98876404494 29.0 20.2857142857 0 0.0769230769231 0.760683760684 0.025641025641 0.0598290598291 0.0769230769231 
43 35 0 go_charge 16.6363636364 11.0 6.51282051282 30.5 16.6363636364 5.02197802198 0 0.034188034188 0.0940170940171 0.777777777778 0.0940170940171 
44 48 1 stay_charging 5.20689655172 4.0 6.40170940171 28.5 16.5454545455 5.20689655172 0 0.034188034188 0.0940170940171 0.74358974359 0.128205128205 
45 60 1 gather_reward 5.18181818182 3.0 6.05128205128 12.1428571429 5.18181818182 20.0 27.0 0 0.0598290598291 0.752136752137 0.0598290598291 0.00854700854701 0.119658119658 
46 47 0 go_charge 4.57471264368 4.0 5.47008547009 9.5 4.57471264368 14.5 19.5 0 0.0512820512821 0.74358974359 0.017094017094 0.0683760683761 0.119658119658 
47 59 1 gather_reward 4.55813953488 6.0 4.98290598291 15.5 19.6666666667 9.18181818182 4.55813953488 0 0.017094017094 0.025641025641 0.0940170940171 0.735042735043 0.128205128205 
