time battery charging  action  match_reward actual_reward exp_reward clusters probs
0 53 1 gather_reward 118.0 109.0 20.6239316239 44.0769230769 21.5223880597 81.0 118.0 0 0.111111111111 0.57264957265 0.017094017094 0.017094017094 0.282051282051 
1 43 0 go_charge 23.1168831169 20.0 23.6068376068 23.1168831169 116.0 75.0 791.0 0 0.65811965812 0.00854700854701 0.00854700854701 0.00854700854701 0.316239316239 
2 57 1 stay_charging 0.0 8.0 30.6495726496 84.0 21.3561643836 792.0 983.0 0 0.025641025641 0.623931623932 0.00854700854701 0.00854700854701 0.333333333333 
3 71 1 gather_reward 29.7192982456 53.0 109.136752137 29.7192982456 427.166666667 919.8 1350.0 0 0.487179487179 0.102564102564 0.042735042735 0.00854700854701 0.358974358974 
4 60 0 gather_reward 39.6140350877 54.0 99.7435897436 39.6140350877 918.6 481.9 0 0.487179487179 0.042735042735 0.0854700854701 0.384615384615 
5 48 0 go_charge 19.7910447761 15.0 15.358974359 19.7910447761 83.0 115.0 190.0 0 0.57264957265 0.017094017094 0.00854700854701 0.00854700854701 0.393162393162 
6 59 1 gather_reward 22.640625 21.0 27.735042735 22.640625 130.0 195.0 880.0 591.0 0 0.547008547009 0.00854700854701 0.00854700854701 0.00854700854701 0.00854700854701 0.418803418803 
7 46 0 gather_reward 21.7230769231 18.0 24.8034188034 21.7230769231 890.0 600.0 0 0.555555555556 0.00854700854701 0.00854700854701 0.42735042735 
8 35 0 go_charge 32.5384615385 25.0 13.0 12.625 32.5384615385 170.0 0 0.34188034188 0.222222222222 0.00854700854701 0.42735042735 
9 46 1 gather_reward 33.6842105263 31.0 12.8632478632 33.6842105263 14.7872340426 170.0 0 0.162393162393 0.401709401709 0.00854700854701 0.42735042735 
10 36 0 go_charge 28.2 30.0 12.7777777778 10.037037037 28.2 96.0 0 0.230769230769 0.34188034188 0.00854700854701 0.418803418803 
11 49 1 stay_charging 28.5405405405 39.0 12.9829059829 10.7142857143 28.5405405405 61.0 102.0 0 0.239316239316 0.316239316239 0.00854700854701 0.00854700854701 0.42735042735 
12 62 1 gather_reward 127.944444444 177.0 36.8803418803 21.7083333333 127.944444444 970.0 0 0.410256410256 0.153846153846 0.00854700854701 0.42735042735 
13 52 0 gather_reward 192.818181818 246.0 54.6239316239 23.9545454545 192.818181818 1095.0 0 0.376068376068 0.188034188034 0.00854700854701 0.42735042735 
14 42 0 go_charge 158.476190476 125.0 45.2307692308 21.8571428571 261.5 158.476190476 0 0.358974358974 0.034188034188 0.179487179487 0.42735042735 
15 54 1 stay_charging 54.6779661017 97.0 53.3931623932 54.6779661017 258.428571429 414.0 798.0 0 0.504273504274 0.0598290598291 0.00854700854701 0.00854700854701 0.418803418803 
16 66 1 gather_reward 71.859375 168.0 74.5726495726 71.859375 377.0 1120.0 754.5 0 0.547008547009 0.00854700854701 0.017094017094 0.017094017094 0.410256410256 
17 56 0 gather_reward 198.222222222 220.0 68.1025641026 30.9361702128 198.222222222 488.5 752.0 1217.0 0 0.401709401709 0.153846153846 0.017094017094 0.00854700854701 0.00854700854701 0.410256410256 
18 46 0 gather_reward 183.227272727 188.0 53.4615384615 23.4666666667 299.5 183.227272727 569.0 0 0.384615384615 0.017094017094 0.188034188034 0.00854700854701 0.401709401709 
19 37 0 go_charge 216.857142857 167.0 55.7264957265 216.857142857 35.9811320755 497.0 1080.0 0 0.119658119658 0.452991452991 0.00854700854701 0.00854700854701 0.410256410256 
20 50 1 stay_charging 160.285714286 110.0 54.3760683761 24.5744680851 289.333333333 160.285714286 973.0 0 0.401709401709 0.025641025641 0.179487179487 0.00854700854701 0.384615384615 
21 67 1 gather_reward 403.333333333 276.0 141.444444444 403.333333333 54.4912280702 891.0 1541.0 0 0.025641025641 0.487179487179 0.102564102564 0.00854700854701 0.376068376068 
22 57 0 gather_reward 935.9375 1002.0 198.145299145 64.8947368421 1503.0 935.9375 0 0.487179487179 0.025641025641 0.136752136752 0.350427350427 
23 46 0 gather_reward 746.0 830.0 125.461538462 1003.5 746.0 387.0 45.4285714286 0 0.017094017094 0.0769230769231 0.0683760683761 0.538461538462 0.299145299145 
24 34 0 go_charge 50.3731343284 89.0 71.1111111111 50.3731343284 241.166666667 388.0 1079.0 584.0 0 0.57264957265 0.102564102564 0.00854700854701 0.00854700854701 0.00854700854701 0.299145299145 
25 45 1 gather_reward 199.052631579 188.0 67.4444444444 199.052631579 38.328125 577.0 1079.0 0 0.162393162393 0.547008547009 0.00854700854701 0.00854700854701 0.273504273504 
26 35 0 go_charge 151.107142857 214.0 67.8376068376 602.0 23.0344827586 151.107142857 1166.0 0 0.017094017094 0.495726495726 0.239316239316 0.00854700854701 0.239316239316 
27 48 1 stay_charging 54.0882352941 32.0 161.085470085 1282.0 54.0882352941 483.0 794.636363636 0 0.017094017094 0.581196581197 0.0683760683761 0.0940170940171 0.239316239316 
28 60 1 gather_reward 1388.125 1090.0 255.094017094 1388.125 22.8596491228 622.785714286 0 0.0683760683761 0.487179487179 0.239316239316 0.205128205128 
29 48 0 gather_reward 1603.75 1358.0 274.923076923 1603.75 34.9836065574 814.379310345 0 0.034188034188 0.521367521368 0.247863247863 0.196581196581 
30 37 0 go_charge 913.565217391 969.0 308.094017094 56.2835820896 1609.14285714 913.565217391 0 0.57264957265 0.0598290598291 0.196581196581 0.17094017094 
31 50 1 gather_reward 1132.2 1516.0 300.632478632 71.4057971014 1132.2 1942.0 0 0.589743589744 0.213675213675 0.00854700854701 0.188034188034 
32 40 0 go_charge 866.4 840.0 155.692307692 49.6753246753 520.636363636 866.4 0 0.65811965812 0.0940170940171 0.0854700854701 0.162393162393 
33 56 1 gather_reward 36.0943396226 38.0 26.4444444444 68.3333333333 14.1111111111 36.0943396226 136.0 0 0.0512820512821 0.384615384615 0.452991452991 0.00854700854701 0.102564102564 
34 44 0 go_charge 45.5833333333 43.0 25.4700854701 93.0 113.0 45.5833333333 20.7407407407 0 0.00854700854701 0.00854700854701 0.205128205128 0.692307692308 0.0854700854701 
35 59 1 stay_charging 22.3333333333 37.0 28.5384615385 22.3333333333 111.0 73.0 699.0 0 0.897435897436 0.017094017094 0.00854700854701 0.00854700854701 0.0683760683761 
36 72 1 stay_charging 23.4343434343 32.0 29.4102564103 112.5 67.3333333333 23.4343434343 694.0 0 0.017094017094 0.025641025641 0.846153846154 0.00854700854701 0.102564102564 
37 84 1 gather_reward 676.0 946.0 52.0854700855 25.9342105263 98.4 164.333333333 676.0 0 0.649572649573 0.17094017094 0.0769230769231 0.00854700854701 0.0940170940171 
38 74 0 gather_reward 816.0 1015.0 93.9572649573 37.9230769231 338.0 203.0 506.0 659.0 816.0 0 0.666666666667 0.017094017094 0.205128205128 0.017094017094 0.00854700854701 0.00854700854701 0.0769230769231 
39 64 0 gather_reward 695.4375 590.0 233.222222222 59.3214285714 695.4375 1080.0 1457.0 0 0.717948717949 0.136752136752 0.0769230769231 0.00854700854701 0.0598290598291 
40 50 0 gather_reward 1766.14285714 1494.0 365.358974359 38.0138888889 1766.14285714 1023.96296296 0 0.615384615385 0.0598290598291 0.230769230769 0.0940170940171 
41 38 0 go_charge 1067.53846154 1057.0 228.358974359 1067.53846154 38.7857142857 532.894736842 0 0.111111111111 0.598290598291 0.162393162393 0.128205128205 
42 50 1 stay_charging 39.3157894737 141.0 94.0427350427 962.0 1183.0 497.5 243.75 39.3157894737 0 0.00854700854701 0.00854700854701 0.017094017094 0.17094017094 0.649572649573 0.145299145299 
43 67 1 gather_reward 46.2580645161 110.0 65.9316239316 850.0 1053.0 46.2580645161 223.4 392.0 0 0.00854700854701 0.00854700854701 0.794871794872 0.042735042735 0.00854700854701 0.136752136752 
44 57 0 gather_reward 23.2391304348 32.0 29.0769230769 23.2391304348 75.5 811.0 0 0.786324786325 0.0512820512821 0.00854700854701 0.153846153846 
45 48 0 go_charge 0.0 0.0 29.7008547009 22.2065217391 60.0 124.0 828.0 0 0.786324786325 0.0683760683761 0.00854700854701 0.00854700854701 0.128205128205 
46 59 1 stay_charging 0.0 0.0 22.358974359 47.6 20.1176470588 77.0 122.0 0 0.0854700854701 0.726495726496 0.034188034188 0.00854700854701 0.145299145299 
47 71 1 stay_charging 0.0 0.0 23.3760683761 23.3125 109.0 83.3333333333 58.6 0 0.683760683761 0.025641025641 0.025641025641 0.042735042735 0.222222222222 
