time battery charging  action  match_reward actual_reward exp_reward clusters probs
0 32 0 go_charge 5917.71830986 18842.0 18476.5371901 5917.71830986 57508.4705882 100469.571429 134572.0 0 0.586776859504 0.140495867769 0.0578512396694 0.00826446280992 0.206611570248 
1 34 1 stay_charging 5768.42857143 15011.0 17881.6446281 136073.0 186661.0 5768.42857143 76534.2352941 0 0.0165289256198 0.00826446280992 0.578512396694 0.140495867769 0.256198347107 
2 37 1 stay_charging 4470.86153846 10533.0 18837.5867769 206555.0 162695.0 93219.0714286 44917.8571429 4470.86153846 0 0.00826446280992 0.00826446280992 0.115702479339 0.0578512396694 0.537190082645 0.272727272727 
3 40 1 stay_charging 8617.49152542 16803.0 38962.1157025 8617.49152542 227535.8 146109.761905 0 0.487603305785 0.0413223140496 0.173553719008 0.297520661157 
4 43 1 stay_charging 8896.1754386 17860.0 39929.1404959 8896.1754386 233010.833333 146313.95 0 0.471074380165 0.0495867768595 0.165289256198 0.314049586777 
5 46 1 stay_charging 3948.18644068 24552.0 21153.8347107 3948.18644068 75998.0769231 124187.777778 221006.0 0 0.487603305785 0.107438016529 0.0743801652893 0.00826446280992 0.322314049587 
6 48 1 stay_charging 3766.48214286 24952.0 21492.2644628 211675.0 3766.48214286 135169.0 86710.2222222 0 0.0165289256198 0.462809917355 0.0247933884298 0.148760330579 0.347107438017 
7 50 1 stay_charging 3649.34545455 11201.0 20022.4297521 3649.34545455 100875.55 204489.0 0 0.454545454545 0.165289256198 0.00826446280992 0.371900826446 
8 52 1 stay_charging 3843.12727273 8959.0 19995.0743802 3843.12727273 61673.0 115506.933333 167063.0 0 0.454545454545 0.0413223140496 0.123966942149 0.00826446280992 0.371900826446 
9 54 1 stay_charging 3443.32727273 9172.0 20020.0743802 3443.32727273 67406.8571429 121908.153846 176392.0 0 0.454545454545 0.0578512396694 0.107438016529 0.00826446280992 0.371900826446 
10 56 1 stay_charging 5832.53448276 8719.0 21153.7438017 5832.53448276 123406.444444 0 0.479338842975 0.148760330579 0.371900826446 
11 58 1 stay_charging 5241.27272727 11984.0 25236.9590164 5241.27272727 123924.388889 560000.0 0 0.450819672131 0.147540983607 0.00819672131148 0.393442622951 
12 60 1 stay_charging 7919.60377358 55462.0 28877.8770492 7919.60377358 119062.9 191273.3 0 0.434426229508 0.0819672131148 0.0819672131148 0.401639344262 
13 62 1 gather_reward 128071.133333 91653.0 38208.0 2255.13043478 219714.416667 128071.133333 0 0.377049180328 0.0983606557377 0.122950819672 0.401639344262 
14 57 0 gather_reward 100369.5 81955.0 38378.5163934 2728.93617021 100369.5 197419.105263 0 0.385245901639 0.0655737704918 0.155737704918 0.393442622951 
15 52 0 gather_reward 120773.428571 102937.0 39791.0081967 2512.70212766 120773.428571 234275.230769 0 0.385245901639 0.114754098361 0.106557377049 0.393442622951 
16 47 0 gather_reward 173857.818182 111559.0 41758.2868852 5959.35416667 327863.333333 173857.818182 0 0.393442622951 0.0245901639344 0.180327868852 0.401639344262 
17 42 0 gather_reward 141600.705882 87889.0 41071.9180328 3961.08510638 268599.0 141600.705882 0 0.385245901639 0.0737704918033 0.139344262295 0.401639344262 
18 37 0 gather_reward 110286.416667 114075.0 40225.6311475 229940.533333 2871.95744681 110286.416667 0 0.122950819672 0.385245901639 0.0983606557377 0.393442622951 
19 32 0 go_charge 179320.642857 142547.0 40323.2459016 14361.7924528 179320.642857 274628.666667 0 0.434426229508 0.114754098361 0.0491803278689 0.401639344262 
20 34 1 stay_charging 151498.375 102910.0 40140.647541 16064.3 151498.375 247392.181818 0 0.491803278689 0.0655737704918 0.0901639344262 0.352459016393 
21 37 1 gather_reward 136147.454545 109457.0 51164.2786885 394938.666667 8033.51785714 136147.454545 259143.916667 0 0.0245901639344 0.459016393443 0.0901639344262 0.0983606557377 0.327868852459 
22 32 0 go_charge 143236.7 161254.0 61753.4180328 294999.944444 4202.09433962 143236.7 568840.0 0 0.147540983607 0.434426229508 0.0819672131148 0.00819672131148 0.327868852459 
23 34 1 stay_charging 188172.380952 152573.0 53167.057377 6937.45901639 188172.380952 332884.0 447156.0 0 0.5 0.172131147541 0.0409836065574 0.00819672131148 0.27868852459 
24 37 1 gather_reward 138740.678571 105045.0 41444.7868852 300437.333333 4579.88135593 138740.678571 0 0.0245901639344 0.483606557377 0.229508196721 0.262295081967 
25 32 0 go_charge 143033.428571 117074.0 37167.1967213 10841.3823529 264494.0 143033.428571 0 0.55737704918 0.0245901639344 0.172131147541 0.245901639344 
26 34 1 stay_charging 106963.481481 154522.0 35191.8606557 218812.6 4864.53125 106963.481481 0 0.0409836065574 0.524590163934 0.22131147541 0.213114754098 
27 37 1 gather_reward 168404.1875 179405.0 48416.6393443 7729.79104478 168404.1875 0 0.549180327869 0.262295081967 0.188524590164 
28 32 0 go_charge 232195.208333 289341.0 62554.2868852 4990.953125 124251.214286 232195.208333 0 0.524590163934 0.114754098361 0.196721311475 0.16393442623 
29 34 1 stay_charging 342471.5 330925.0 69474.4262295 5337.10769231 342471.5 212686.428571 0 0.532786885246 0.016393442623 0.286885245902 0.16393442623 
30 37 1 gather_reward 215459.794118 280542.0 72868.0081967 6081.60606061 215459.794118 387626.0 0 0.540983606557 0.27868852459 0.0245901639344 0.155737704918 
31 32 0 go_charge 205004.205882 191312.0 67574.0491803 413175.5 6679.70149254 205004.205882 0 0.016393442623 0.549180327869 0.27868852459 0.155737704918 
32 34 1 stay_charging 95929.7333333 65253.0 39788.1803279 3980.12307692 95929.7333333 189014.833333 256601.0 326868.0 0 0.532786885246 0.245901639344 0.0491803278689 0.00819672131148 0.00819672131148 0.155737704918 
33 37 1 stay_charging 7414.48514851 17528.0 12733.8688525 87809.5 114341.75 34336.6 7414.48514851 0 0.016393442623 0.0327868852459 0.0409836065574 0.827868852459 0.0819672131148 
34 40 1 stay_charging 7378.29906542 16574.0 11944.704918 34444.6666667 7378.29906542 118453.0 90630.0 0 0.0245901639344 0.877049180328 0.0327868852459 0.00819672131148 0.0573770491803 
35 43 1 stay_charging 7107.25242718 11064.0 13585.2622951 38872.0 7107.25242718 70967.5 107422.6 168563.0 0 0.016393442623 0.844262295082 0.016393442623 0.0409836065574 0.00819672131148 0.0737704918033 
36 46 1 stay_charging 8327.21782178 11388.0 13822.2213115 111693.5 43775.25 8327.21782178 0 0.0491803278689 0.0327868852459 0.827868852459 0.0901639344262 
37 48 1 stay_charging 5262.19444444 30434.0 26621.3114754 5262.19444444 57637.4285714 192274.0 116766.0 0 0.590163934426 0.286885245902 0.016393442623 0.0327868852459 0.0737704918033 
38 50 1 stay_charging 9485.27848101 58998.0 46479.295082 255907.0 9485.27848101 118106.333333 0 0.0327868852459 0.647540983607 0.270491803279 0.0491803278689 
39 52 1 gather_reward 185272.25 160240.0 62558.4836066 14969.6385542 185272.25 460943.0 0 0.680327868852 0.262295081967 0.00819672131148 0.0491803278689 
40 47 0 gather_reward 209198.085714 234964.0 72757.6967213 8803.25641026 209198.085714 339053.0 528799.0 0 0.639344262295 0.286885245902 0.00819672131148 0.00819672131148 0.0573770491803 
41 42 0 gather_reward 158686.607143 180243.0 60663.6393443 9309.89473684 250020.777778 158686.607143 0 0.622950819672 0.0737704918033 0.229508196721 0.0737704918033 
42 37 0 gather_reward 110634.34375 97958.0 47498.3278689 4959.95714286 211922.222222 110634.34375 0 0.573770491803 0.0737704918033 0.262295081967 0.0901639344262 
43 32 0 go_charge 11025.9655172 28159.0 34442.8606557 238383.0 11025.9655172 115250.166667 0 0.016393442623 0.713114754098 0.196721311475 0.0737704918033 
44 34 1 stay_charging 0.0 0.0 21003.442623 227150.5 8439.81318681 120739.666667 75221.3076923 0 0.016393442623 0.745901639344 0.0245901639344 0.106557377049 0.106557377049 
45 37 1 stay_charging 0.0 0.0 22374.7622951 217173.5 106586.625 5893.2962963 50806.5263158 0 0.016393442623 0.0655737704918 0.66393442623 0.155737704918 0.0983606557377 
46 40 1 stay_charging 0.0 0.0 20937.5 9388.45555556 115596.5 81416.125 175563.0 0 0.737704918033 0.016393442623 0.131147540984 0.00819672131148 0.106557377049 
47 43 1 stay_charging 0.0 0.0 20473.6557377 7269.27848101 57531.0 98776.0 162891.0 0 0.647540983607 0.0819672131148 0.0983606557377 0.00819672131148 0.16393442623 
