time battery charging  action  match_reward actual_reward exp_reward clusters probs
0 48 0 go_charge 25.8823529412 34.4705882353 34.4705882353 120.083333333 25.8823529412 69.3076923077 0 0.100840336134 0.571428571429 0.109243697479 0.218487394958 
1 59 1 stay_charging 25.9240506329 32.2605042017 32.2605042017 25.9240506329 86.5454545455 839.0 0 0.663865546218 0.0924369747899 0.00840336134454 0.235294117647 
2 76 1 gather_reward 29.816091954 37.1428571429 37.1428571429 29.816091954 843.0 983.0 0 0.731092436975 0.00840336134454 0.00840336134454 0.252100840336 
3 66 0 gather_reward 30.6153846154 123.941176471 123.941176471 30.6153846154 423.285714286 913.833333333 1350.0 0 0.546218487395 0.117647058824 0.0504201680672 0.00840336134454 0.27731092437 
4 52 0 gather_reward 42.447761194 115.798319328 115.798319328 42.447761194 913.333333333 496.0 0 0.563025210084 0.0504201680672 0.0924369747899 0.294117647059 
5 39 0 go_charge 21.0285714286 21.731092437 21.731092437 21.0285714286 108.0 69.5 203.0 0 0.588235294118 0.0168067226891 0.0840336134454 0.00840336134454 0.302521008403 
6 51 1 stay_charging 26.3428571429 36.6638655462 36.6638655462 26.3428571429 134.5 207.0 885.0 620.0 0 0.588235294118 0.0504201680672 0.00840336134454 0.00840336134454 0.00840336134454 0.336134453782 
7 68 1 gather_reward 22.0606060606 31.6974789916 31.6974789916 22.0606060606 84.0 900.0 660.0 0 0.554621848739 0.0756302521008 0.00840336134454 0.00840336134454 0.352941176471 
8 57 0 go_charge 18.0322580645 17.512605042 17.512605042 96.5 18.0322580645 48.25 194.0 0 0.0168067226891 0.521008403361 0.100840336134 0.00840336134454 0.352941176471 
9 72 1 gather_reward 20.6901408451 18.3949579832 18.3949579832 20.6901408451 116.25 72.0 183.0 0 0.596638655462 0.0336134453782 0.00840336134454 0.00840336134454 0.352941176471 
10 62 0 go_charge 15.7407407407 17.3781512605 17.3781512605 147.0 15.7407407407 61.3333333333 38.9473684211 0 0.0168067226891 0.453781512605 0.0252100840336 0.159663865546 0.344537815126 
11 78 1 gather_reward 20.3382352941 16.7478991597 16.7478991597 100.0 123.0 64.5 20.3382352941 0 0.00840336134454 0.00840336134454 0.0504201680672 0.571428571429 0.361344537815 
12 67 0 go_charge 22.4259259259 43.0336134454 43.0336134454 22.4259259259 140.0 970.0 0 0.453781512605 0.176470588235 0.00840336134454 0.361344537815 
13 84 1 stay_charging 19.3023255814 62.9831932773 62.9831932773 19.3023255814 185.666666667 1095.0 0 0.361344537815 0.252100840336 0.00840336134454 0.378151260504 
14 99 1 gather_reward 22.1914893617 50.8739495798 50.8739495798 22.1914893617 126.714285714 215.8 0 0.394957983193 0.117647058824 0.126050420168 0.361344537815 
15 89 0 gather_reward 31.1481481481 60.1344537815 60.1344537815 31.1481481481 202.619047619 414.0 805.0 0 0.453781512605 0.176470588235 0.00840336134454 0.00840336134454 0.352941176471 
16 77 0 gather_reward 76.2957746479 80.4369747899 80.4369747899 76.2957746479 377.0 1132.0 757.0 0 0.596638655462 0.00840336134454 0.0168067226891 0.0168067226891 0.361344537815 
17 67 0 go_charge 27.32 75.5210084034 75.5210084034 27.32 210.590909091 494.0 761.0 1239.0 0 0.420168067227 0.18487394958 0.0168067226891 0.00840336134454 0.00840336134454 0.361344537815 
18 83 1 gather_reward 31.462962963 60.4957983193 60.4957983193 224.136363636 31.462962963 569.0 0 0.18487394958 0.453781512605 0.00840336134454 0.352941176471 
19 73 0 go_charge 36.4310344828 61.4033613445 61.4033613445 36.4310344828 218.266666667 343.0 497.0 1080.0 0 0.487394957983 0.126050420168 0.00840336134454 0.00840336134454 0.00840336134454 0.361344537815 
20 88 1 stay_charging 21.9245283019 58.0756302521 58.0756302521 21.9245283019 303.0 166.8 973.0 0 0.445378151261 0.0168067226891 0.210084033613 0.00840336134454 0.319327731092 
21 100 1 gather_reward 52.5820895522 149.680672269 149.680672269 403.333333333 52.5820895522 1170.5 834.272727273 1561.0 0 0.0252100840336 0.563025210084 0.0168067226891 0.0924369747899 0.00840336134454 0.294117647059 
22 88 0 gather_reward 56.1746031746 215.487394958 215.487394958 56.1746031746 971.19047619 1709.0 0 0.529411764706 0.176470588235 0.00840336134454 0.285714285714 
23 78 0 gather_reward 44.3235294118 138.369747899 138.369747899 1007.0 739.090909091 367.555555556 44.3235294118 0 0.0168067226891 0.0924369747899 0.0756302521008 0.571428571429 0.243697478992 
24 66 0 go_charge 34.4090909091 76.5798319328 76.5798319328 34.4090909091 217.636363636 388.0 1082.0 584.0 0 0.554621848739 0.18487394958 0.00840336134454 0.00840336134454 0.00840336134454 0.235294117647 
25 83 1 stay_charging 22.5087719298 75.1848739496 75.1848739496 22.5087719298 176.705882353 577.0 1079.0 0 0.478991596639 0.285714285714 0.00840336134454 0.00840336134454 0.218487394958 
26 98 1 gather_reward 21.9491525424 74.7142857143 74.7142857143 610.5 21.9491525424 153.205882353 1166.0 0 0.0168067226891 0.495798319328 0.285714285714 0.00840336134454 0.193277310924 
27 87 0 gather_reward 52.7808219178 179.714285714 179.714285714 52.7808219178 1289.5 679.727272727 0 0.613445378151 0.0168067226891 0.18487394958 0.18487394958 
28 78 0 go_charge 30.578125 289.521008403 289.521008403 1354.36363636 30.578125 676.846153846 0 0.0924369747899 0.53781512605 0.218487394958 0.151260504202 
29 95 1 gather_reward 83.0133333333 296.411764706 296.411764706 83.0133333333 1562.4 965.227272727 0 0.63025210084 0.0420168067227 0.18487394958 0.142857142857 
30 86 0 gather_reward 55.1690140845 323.882352941 323.882352941 55.1690140845 1620.57142857 931.24 0 0.596638655462 0.0588235294118 0.210084033613 0.134453781513 
31 76 0 gather_reward 44.7971014493 322.117647059 322.117647059 44.7971014493 1072.87096774 1982.0 0 0.579831932773 0.260504201681 0.00840336134454 0.151260504202 
32 64 0 gather_reward 42.9350649351 168.932773109 168.932773109 42.9350649351 478.066666667 875.090909091 0 0.647058823529 0.126050420168 0.0924369747899 0.134453781513 
33 53 0 go_charge 40.884057971 34.3613445378 34.3613445378 12.7878787879 40.884057971 86.0 128.0 160.0 0 0.27731092437 0.579831932773 0.0420168067227 0.0168067226891 0.00840336134454 0.0756302521008 
34 65 1 stay_charging 20.2089552239 32.6806722689 32.6806722689 46.9210526316 20.2089552239 111.0 83.8 0 0.319327731092 0.563025210084 0.0252100840336 0.0420168067227 0.0504201680672 
35 77 1 stay_charging 25.6633663366 35.0084033613 35.0084033613 25.6633663366 118.5 79.75 699.0 0 0.848739495798 0.0168067226891 0.0672268907563 0.00840336134454 0.0588235294118 
36 89 1 gather_reward 29.3365384615 35.9915966387 35.9915966387 29.3365384615 96.5 152.0 694.0 0 0.873949579832 0.0336134453782 0.00840336134454 0.00840336134454 0.0756302521008 
37 80 0 go_charge 27.4473684211 67.7058823529 67.7058823529 27.4473684211 129.757575758 988.0 701.0 0 0.638655462185 0.27731092437 0.00840336134454 0.00840336134454 0.0672268907563 
38 97 1 gather_reward 38.3703703704 107.18487395 107.18487395 843.0 674.0 1063.0 402.333333333 38.3703703704 217.037037037 0 0.00840336134454 0.00840336134454 0.00840336134454 0.0252100840336 0.680672268908 0.226890756303 0.0420168067227 
39 87 0 gather_reward 79.7640449438 250.411764706 250.411764706 79.7640449438 803.263157895 1239.66666667 0 0.747899159664 0.159663865546 0.0504201680672 0.0420168067227 
40 78 0 gather_reward 40.1578947368 395.25210084 395.25210084 40.1578947368 1756.5 1016.07692308 0 0.638655462185 0.0840336134454 0.218487394958 0.0588235294118 
41 68 0 gather_reward 38.7866666667 249.378151261 249.378151261 1098.92857143 38.7866666667 542.0 0 0.117647058824 0.63025210084 0.176470588235 0.0756302521008 
42 56 0 go_charge 31.1506849315 113.529411765 113.529411765 962.0 1200.0 470.25 31.1506849315 239.766666667 0 0.00840336134454 0.00840336134454 0.0336134453782 0.613445378151 0.252100840336 0.0840336134454 
43 67 1 gather_reward 30.7763157895 83.6218487395 83.6218487395 850.0 1070.0 348.2 30.7763157895 146.333333333 0 0.00840336134454 0.00840336134454 0.0420168067227 0.638655462185 0.226890756303 0.0756302521008 
44 56 0 go_charge 30.5773195876 39.9243697479 39.9243697479 109.5 30.5773195876 317.0 811.0 0 0.0504201680672 0.81512605042 0.00840336134454 0.00840336134454 0.117647058824 
45 71 1 gather_reward 28.829787234 43.6974789916 43.6974789916 228.0 28.829787234 117.375 867.0 0 0.0252100840336 0.789915966387 0.0672268907563 0.00840336134454 0.109243697479 
46 59 0 gather_reward 21.8461538462 38.512605042 38.512605042 21.8461538462 67.9523809524 136.5 187.0 719.0 0 0.655462184874 0.176470588235 0.0336134453782 0.00840336134454 0.00840336134454 0.117647058824 
47 49 0 gather_reward 24.2028985507 37.7142857143 37.7142857143 24.2028985507 77.9259259259 714.0 0 0.579831932773 0.226890756303 0.00840336134454 0.18487394958 
