time battery charging  action  match_reward actual_reward exp_reward clusters probs
0 31 0 go_charge 0.0 0.0 18766.9173554 6236.90410959 57508.4705882 100469.571429 134572.0 0 0.603305785124 0.140495867769 0.0578512396694 0.00826446280992 0.190082644628 
1 33 1 stay_charging 0.0 0.0 18092.6942149 136073.0 186661.0 5962.875 76534.2352941 0 0.0165289256198 0.00826446280992 0.595041322314 0.140495867769 0.239669421488 
2 36 1 stay_charging 0.0 0.0 18742.7190083 206555.0 162695.0 93219.0714286 45683.1666667 4697.83823529 0 0.00826446280992 0.00826446280992 0.115702479339 0.0495867768595 0.561983471074 0.256198347107 
3 39 1 stay_charging 0.0 0.0 38504.4132231 9594.83870968 162566.16 0 0.512396694215 0.206611570248 0.280991735537 
4 42 1 stay_charging 0.0 0.0 39734.9421488 9909.38333333 233010.833333 148173.684211 0 0.495867768595 0.0495867768595 0.157024793388 0.297520661157 
5 45 1 stay_charging 0.0 0.0 21444.7768595 4395.85245902 75998.0769231 124187.777778 221006.0 0 0.504132231405 0.107438016529 0.0743801652893 0.00826446280992 0.305785123967 
6 47 1 stay_charging 0.0 0.0 22063.1735537 211675.0 5452.55932203 96229.65 0 0.0165289256198 0.487603305785 0.165289256198 0.330578512397 
7 49 1 stay_charging 0.0 0.0 20462.2066116 4454.85964912 100875.55 204489.0 0 0.471074380165 0.165289256198 0.00826446280992 0.355371900826 
8 51 1 stay_charging 0.0 0.0 20220.9834711 4187.84210526 61673.0 115506.933333 167063.0 0 0.471074380165 0.0413223140496 0.123966942149 0.00826446280992 0.355371900826 
9 53 1 stay_charging 0.0 0.0 20284.5206612 3883.87719298 67406.8571429 121908.153846 176392.0 0 0.471074380165 0.0578512396694 0.107438016529 0.00826446280992 0.355371900826 
10 55 1 stay_charging 0.0 0.0 21373.4545455 6081.2 123406.444444 0 0.495867768595 0.148760330579 0.355371900826 
11 57 1 stay_charging 0.0 0.0 25690.2540984 6027.57894737 123924.388889 560000.0 0 0.467213114754 0.147540983607 0.00819672131148 0.377049180328 
12 59 1 stay_charging 0.0 0.0 30238.1885246 8904.7962963 117769.727273 191273.3 0 0.44262295082 0.0901639344262 0.0819672131148 0.385245901639 
13 61 1 stay_charging 0.0 0.0 40025.1803279 2255.13043478 102295.7 197704.157895 0 0.377049180328 0.0819672131148 0.155737704918 0.385245901639 
14 63 1 stay_charging 0.0 0.0 40161.4344262 274733.5 185972.611111 97162.3333333 2728.93617021 0 0.016393442623 0.147540983607 0.0737704918033 0.385245901639 0.377049180328 
15 65 1 stay_charging 0.0 0.0 41051.6311475 3131.91666667 120825.933333 234275.230769 0 0.393442622951 0.122950819672 0.106557377049 0.377049180328 
16 68 1 stay_charging 0.0 0.0 43166.0163934 6947.16326531 327863.333333 171402.304348 0 0.401639344262 0.0245901639344 0.188524590164 0.385245901639 
17 71 1 stay_charging 0.0 0.0 42545.442623 268599.0 3961.08510638 136156.947368 0 0.0737704918033 0.385245901639 0.155737704918 0.385245901639 
18 74 1 stay_charging 0.0 0.0 41629.1721311 229940.533333 2871.95744681 106762.071429 0 0.122950819672 0.385245901639 0.114754098361 0.377049180328 
19 77 1 stay_charging 0.0 0.0 42394.5 14127.1698113 173476.0625 274628.666667 0 0.434426229508 0.131147540984 0.0491803278689 0.385245901639 
20 80 1 stay_charging 0.0 0.0 42508.9754098 247392.181818 2544.0625 106484.818182 0 0.0901639344262 0.393442622951 0.180327868852 0.33606557377 
21 83 1 stay_charging 0.0 0.0 53547.7540984 331432.111111 8033.51785714 163161.052632 0 0.0737704918033 0.459016393443 0.155737704918 0.311475409836 
22 86 1 stay_charging 0.0 0.0 63638.2704918 4202.09433962 140769.416667 284363.176471 508875.5 0 0.434426229508 0.0983606557377 0.139344262295 0.016393442623 0.311475409836 
23 89 1 stay_charging 0.0 0.0 54426.0245902 7406.41935484 184963.681818 332884.0 447156.0 0 0.508196721311 0.180327868852 0.0409836065574 0.00819672131148 0.262295081967 
24 92 1 stay_charging 0.0 0.0 42776.0245902 300437.333333 4579.88135593 134905.0 0 0.0245901639344 0.483606557377 0.245901639344 0.245901639344 
25 95 1 stay_charging 0.0 0.0 38850.5737705 11587.3188406 264494.0 143034.681818 0 0.565573770492 0.0245901639344 0.180327868852 0.229508196721 
26 98 1 stay_charging 0.0 0.0 37236.7459016 218812.6 4864.53125 108189.310345 0 0.0409836065574 0.524590163934 0.237704918033 0.196721311475 
27 100 1 gather_reward 171683.636364 106342.0 50684.0655738 7729.79104478 171683.636364 0 0.549180327869 0.270491803279 0.180327868852 
28 96 0 gather_reward 236715.72 208613.0 65383.8606557 4990.953125 124251.214286 236715.72 0 0.524590163934 0.114754098361 0.204918032787 0.155737704918 
29 92 0 gather_reward 224020.973684 207283.0 72620.5655738 5337.10769231 224020.973684 0 0.532786885246 0.311475409836 0.155737704918 
30 88 0 gather_reward 218126.571429 235583.0 75399.1311475 6081.60606061 218126.571429 387626.0 0 0.540983606557 0.286885245902 0.0245901639344 0.147540983607 
31 83 0 gather_reward 205532.314286 202348.0 69405.9180328 413175.5 6679.70149254 205532.314286 0 0.016393442623 0.549180327869 0.286885245902 0.147540983607 
32 78 0 gather_reward 96104.2903226 75284.0 40534.057377 3880.6875 96104.2903226 189014.833333 256601.0 326868.0 0 0.524590163934 0.254098360656 0.0491803278689 0.00819672131148 0.00819672131148 0.155737704918 
33 73 0 go_charge 0.0 3507.0 12958.6803279 87809.5 114341.75 38882.6666667 8071.11650485 0 0.016393442623 0.0327868852459 0.0245901639344 0.844262295082 0.0819672131148 
34 75 1 stay_charging 0.0 3391.0 12079.9098361 34444.6666667 7532.45794393 118453.0 90630.0 0 0.0245901639344 0.877049180328 0.0327868852459 0.00819672131148 0.0573770491803 
35 78 1 gather_reward 7178.94174757 5555.0 13645.7868852 38872.0 7178.94174757 70967.5 107422.6 168563.0 0 0.016393442623 0.844262295082 0.016393442623 0.0409836065574 0.00819672131148 0.0737704918033 
36 73 0 gather_reward 8294.9009901 9761.0 13795.4672131 111693.5 43775.25 8294.9009901 0 0.0491803278689 0.0327868852459 0.827868852459 0.0901639344262 
37 68 0 gather_reward 59257.5 56607.0 26780.5163934 5262.19444444 59257.5 192274.0 123509.0 0 0.590163934426 0.295081967213 0.016393442623 0.0245901639344 0.0737704918033 
38 63 0 gather_reward 106196.475 93519.0 46500.5819672 255907.0 5577.55555556 106196.475 0 0.0327868852459 0.590163934426 0.327868852459 0.0491803278689 
39 58 0 gather_reward 187232.625 127998.0 63072.6803279 14969.6385542 187232.625 460943.0 0 0.680327868852 0.262295081967 0.00819672131148 0.0491803278689 
40 53 0 gather_reward 210962.742857 187999.0 73263.9508197 8803.25641026 210962.742857 339053.0 528799.0 0 0.639344262295 0.286885245902 0.00819672131148 0.00819672131148 0.0573770491803 
41 48 0 gather_reward 143651.472222 172138.0 59615.6557377 4203.94285714 258197.285714 143651.472222 0 0.573770491803 0.0573770491803 0.295081967213 0.0737704918033 
42 43 0 gather_reward 129502.954545 84760.0 47207.4344262 12536.775 129502.954545 211922.222222 0 0.655737704918 0.180327868852 0.0737704918033 0.0901639344262 
43 38 0 go_charge 11529.9425287 24840.0 34988.0737705 238383.0 11529.9425287 116194.75 0 0.016393442623 0.713114754098 0.196721311475 0.0737704918033 
44 40 1 stay_charging 8411.33333333 14078.0 20913.2540984 227150.5 8411.33333333 120739.666667 75221.3076923 0 0.016393442623 0.737704918033 0.0245901639344 0.106557377049 0.114754098361 
45 43 1 stay_charging 7611.82758621 16920.0 21908.9754098 217173.5 7611.82758621 60302.1666667 106586.625 0 0.016393442623 0.713114754098 0.0983606557377 0.0655737704918 0.106557377049 
46 46 1 gather_reward 9448.16666667 14773.0 20489.7459016 9448.16666667 115596.5 82843.8666667 175563.0 0 0.737704918033 0.016393442623 0.122950819672 0.00819672131148 0.114754098361 
47 41 0 gather_reward 7290.57692308 10923.0 20427.6885246 7290.57692308 57531.0 98776.0 162891.0 0 0.639344262295 0.0819672131148 0.0983606557377 0.00819672131148 0.172131147541 
